1.0 0.0
1.10019 0.0
1.10019 8.00000000001e-05
1.2013 0.0
1.2013 0.00095
1.30328 0.0
1.30328 0.00094
1.30328 0.00188
1.40525 0.0
1.40525 0.00095
1.40525 0.00189
1.50628 0.0
1.50628 0.00095
1.50628 0.00189
1.50817 0.00094
1.50817 0.00189
1.50817 0.00283
1.60826 0.0
1.60826 0.00094
1.60826 0.00188
1.61014 0.00095
1.61014 0.00189
1.61014 0.00284
1.61203 0.00189
1.61203 0.00283
1.61203 0.00378
1.71023 0.0
1.71023 0.00094
1.71023 0.00189
1.71212 0.00094
1.71212 0.00189
1.71212 0.00283
1.71401 0.00188
1.71401 0.00283
1.71401 0.00377
1.71589 0.00284
1.71589 0.00378
1.71589 0.00472
1.81126 0.0
1.81126 0.00094
1.81126 0.00189
1.81315 0.00094
1.81315 0.00189
1.81315 0.00283
1.81504 0.00188
1.81504 0.00283
1.81504 0.00377
1.81692 0.00284
1.81692 0.00378
1.81692 0.00472
1.81881 0.00378
1.81881 0.00472
1.81881 0.00567
1.8207 0.00472
1.8207 0.00566
1.8207 0.00661
1.91229 0.0
1.91229 0.00095
1.91229 0.00189
1.91418 0.00094
1.91418 0.00189
1.91418 0.00283
1.91607 0.00189
1.91607 0.00283
1.91607 0.00377
1.91796 0.00283
1.91796 0.00377
1.91796 0.00472
1.91984 0.00378
1.91984 0.00472
1.91984 0.00567
1.92173 0.00472
1.92173 0.00567
1.92173 0.00661
1.92362 0.00566
1.92362 0.00661
1.92362 0.00755
1.92551 0.00661
1.92551 0.00755
1.92551 0.00849
1.9274 0.00755
1.9274 0.00849
1.9274 0.00944
2.01332 0.0
2.01332 0.00095
2.01332 0.00189
2.01521 0.00094
2.01521 0.00189
2.01521 0.00283
2.0171 0.00189
2.0171 0.00283
2.0171 0.00377
2.01899 0.00283
2.01899 0.00377
2.01899 0.00472
2.02087 0.00378
2.02087 0.00472
2.02087 0.00567
2.02276 0.00472
2.02276 0.00567
2.02276 0.00661
2.02465 0.00566
2.02465 0.00661
2.02465 0.00755
2.02654 0.00661
2.02654 0.00755
2.02654 0.00849
2.02843 0.00755
2.02843 0.00849
2.02843 0.00944
2.03031 0.0085
2.03031 0.00944
2.03126 0.00944
2.0322 0.00944
2.03315 0.00944
2.03409 0.00944
2.03503 0.00944
2.03598 0.00944
2.03692 0.00944
2.03787 0.00944
2.03881 0.00944
2.03975 0.00944
2.0407 0.00944
2.04164 0.00944
2.04259 0.00944
2.1153 0.0
2.1153 0.00094
2.1153 0.00188
2.11718 0.00095
2.11718 0.00189
2.11718 0.00284
2.11907 0.00189
2.11907 0.00283
2.11907 0.00378
2.12096 0.00283
2.12096 0.00378
2.12096 0.00472
2.12285 0.00377
2.12285 0.00472
2.12285 0.00566
2.12474 0.00472
2.12474 0.00566
2.12474 0.0066
2.12662 0.00567
2.12662 0.00661
2.12662 0.00756
2.12851 0.00661
2.12851 0.00755
2.12851 0.0085
2.1304 0.00755
2.1304 0.0085
2.1304 0.00944
2.13229 0.00849
2.13229 0.00944
2.13323 0.00944
2.13418 0.00944
2.13512 0.00944
2.13606 0.00944
2.13701 0.00944
2.13795 0.00944
2.1389 0.00944
2.13984 0.00944
2.14078 0.00944
2.14173 0.00944
2.14267 0.00944
2.14362 0.00944
2.14456 0.00944
2.1455 0.00944
2.14645 0.00944
2.14739 0.00944
2.14834 0.00944
2.14928 0.00944
2.15022 0.00944
2.15117 0.00944
2.15211 0.00944
2.15306 0.00944
2.154 0.00944
2.15494 0.00944
2.15589 0.00944
2.15683 0.00944
2.15778 0.00944
2.15872 0.00944
2.15966 0.00944
2.16061 0.00944
2.16155 0.00944
2.21727 0.0
2.21727 0.00094
2.21727 0.00189
2.21916 0.00094
2.21916 0.00189
2.21916 0.00283
2.22105 0.00188
2.22105 0.00283
2.22105 0.00377
2.22293 0.00284
2.22293 0.00378
2.22293 0.00472
2.22482 0.00378
2.22482 0.00472
2.22482 0.00567
2.22671 0.00472
2.22671 0.00566
2.22671 0.00661
2.2286 0.00566
2.2286 0.00661
2.2286 0.00755
2.23049 0.0066
2.23049 0.00755
2.23049 0.00849
2.23237 0.00756
2.23237 0.0085
2.23237 0.00944
2.23426 0.0085
2.23426 0.00944
2.23521 0.00944
2.23615 0.00944
2.23709 0.00944
2.23804 0.00944
2.23898 0.00944
2.23993 0.00944
2.24087 0.00944
2.24181 0.00944
2.24276 0.00944
2.2437 0.00944
2.24465 0.00944
2.24559 0.00944
2.24653 0.00944
2.24748 0.00944
2.24842 0.00944
2.24937 0.00944
2.25031 0.00944
2.25125 0.00944
2.2522 0.00944
2.25314 0.00944
2.25409 0.00944
2.25503 0.00944
2.25597 0.00944
2.25692 0.00944
2.25786 0.00944
2.25881 0.00944
2.25975 0.00944
2.26069 0.00944
2.26164 0.00944
2.26258 0.00944
2.26353 0.00944
2.26447 0.00944
2.26541 0.00944
2.26636 0.00944
2.2673 0.00944
2.26825 0.00944
2.26919 0.00944
2.27013 0.00944
2.27108 0.00944
2.27202 0.00944
2.27297 0.00944
2.27391 0.00944
2.27485 0.00944
2.2758 0.00944
2.27674 0.00944
2.27769 0.00944
2.27863 0.00944
2.27957 0.00944
2.35893 0.0
2.35988 0.0
2.36082 0.0
2.36176 0.0
2.36271 0.0
2.36365 0.0
2.3646 0.0
2.36554 0.0
2.36648 0.0
2.36743 0.0
2.36837 0.0
2.36932 0.0
2.37026 0.0
2.3712 0.0
2.37215 0.0
2.37309 0.0
2.37309 0.00095
2.37404 0.00094
2.37498 0.00094
2.37498 0.00189
2.37592 0.00189
2.37687 0.00189
2.37687 0.00283
2.37781 0.00283
2.37876 0.00283
2.37876 0.00377
2.3797 0.00378
2.38064 0.00378
2.38064 0.00472
2.38159 0.00472
2.38253 0.00472
2.38253 0.00567
2.38348 0.00566
2.38442 0.00566
2.38442 0.00661
2.38536 0.00661
2.38631 0.00661
2.38631 0.00755
2.38725 0.00755
2.3882 0.00755
2.3882 0.00849
2.38914 0.0085
2.39008 0.0085
2.39008 0.00944
2.46 0.0
2.46 0.00094
2.46094 0.00095
2.46094 0.00189
2.46189 0.00189
2.46189 0.00283
2.46283 0.00283
2.46378 0.00283
2.46472 0.00283
2.46566 0.00284
2.46661 0.00283
2.46755 0.00283
2.4685 0.00283
2.46944 0.00283
2.47038 0.00284
2.47133 0.00283
2.47227 0.00283
2.47322 0.00283
2.47416 0.00283
2.47416 0.00378
2.4751 0.00378
2.47605 0.00377
2.47699 0.00378
2.47699 0.00472
2.47794 0.00472
2.47888 0.00472
2.47982 0.00472
2.47982 0.00567
2.48077 0.00566
2.48171 0.00567
2.48266 0.00566
2.48266 0.0066
2.4836 0.00661
2.48454 0.00661
2.48549 0.00661
2.48549 0.00755
2.48643 0.00755
2.48738 0.00755
2.48832 0.00755
2.48832 0.0085
2.48926 0.0085
2.49021 0.00849
2.49115 0.0085
2.49115 0.00944
2.4921 0.00944
2.49304 0.00944
2.49398 0.00944
2.49493 0.00944
2.49587 0.00944
2.49682 0.00944
2.49776 0.00944
2.4987 0.00944
2.49965 0.00944
2.50059 0.00944
2.50154 0.00944
2.56199 0.0
2.56388 0.0
2.56481 1.00000000001e-05
2.56669 0.0
2.56669 0.00095
2.56858 0.0
2.56858 0.00095
2.57047 0.0
2.57047 0.00094
2.57236 0.0
2.57236 0.00094
2.57425 0.0
2.57425 0.00094
2.57613 0.0
2.57613 0.00095
2.57802 0.0
2.57991 0.0
2.57991 0.00094
2.5818 0.0
2.58369 0.0
2.58369 0.00094
2.58557 0.0
2.58746 0.0
2.58746 0.00095
2.58935 0.0
2.59124 0.0
2.59124 0.00094
2.59313 0.0
2.59501 0.0
2.59501 0.00095
2.5969 0.0
2.59879 0.0
2.59879 0.00094
2.60068 0.0
2.60257 0.0
2.60257 0.00094
2.60445 0.0
2.60634 0.0
2.60634 0.00095
2.60823 0.0
2.60823 0.00094
2.61012 0.0
2.61012 0.00094
2.61201 0.0
2.61201 0.00094
2.66491 0.0
2.66491 0.00094
2.66772 0.0
2.66772 0.00095
2.66961 0.0
2.66961 0.00095
2.6715 0.0
2.6715 0.00094
2.67339 0.0
2.67339 0.00094
2.67528 0.0
2.67528 0.00094
2.67716 0.0
2.67716 0.00095
2.67905 0.0
2.67905 0.00095
2.68188 0.0
2.68188 0.00095
2.68472 0.0
2.68472 0.00094
2.6866 0.0
2.6866 0.00095
2.68944 0.0
2.68944 0.00094
2.69227 0.0
2.69227 0.00094
2.69416 0.0
2.69416 0.00094
2.69699 0.0
2.69699 0.00094
2.69982 0.0
2.69982 0.00094
2.70171 0.0
2.70171 0.00094
2.70454 0.0
2.70454 0.00094
2.70737 0.0
2.70737 0.00095
2.70926 0.0
2.70926 0.00094
2.71115 0.0
2.71115 0.00094
2.71304 0.0
2.71304 0.00094
2.76594 0.0
2.76594 0.00094
2.76876 0.0
2.76876 0.00094
2.77064 0.0
2.77064 0.00095
2.77253 0.0
2.77253 0.00095
2.77442 0.0
2.77442 0.00094
2.77631 0.0
2.77631 0.00094
2.7782 0.0
2.7782 0.00094
2.78008 0.0
2.78008 0.00095
2.78292 0.0
2.78292 0.00094
2.78575 0.0
2.78575 0.00094
2.78764 0.0
2.78764 0.00094
2.79047 0.0
2.79047 0.00094
2.7933 0.0
2.7933 0.00094
2.79519 0.0
2.79519 0.00094
2.79802 0.0
2.79802 0.00094
2.80085 0.0
2.80085 0.00095
2.80274 0.0
2.80274 0.00094
2.80557 0.0
2.80557 0.00095
2.8084 0.0
2.8084 0.00095
2.81029 0.0
2.81029 0.00095
2.81218 0.0
2.81218 0.00094
2.81407 0.0
2.81407 0.00094
2.86697 0.0
2.86697 0.00094
2.86979 0.0
2.86979 0.00094
2.87167 0.0
2.87167 0.00095
2.87167 0.00189
2.87356 0.00095
2.87356 0.00189
2.87545 0.00094
2.87545 0.00189
2.87734 0.00094
2.87734 0.00189
2.87923 0.00094
2.87923 0.00188
2.88111 0.00095
2.88111 0.00189
2.88395 0.0
2.88395 0.00094
2.88678 0.0
2.88678 0.00094
2.88867 0.0
2.88867 0.00094
2.8915 0.0
2.8915 0.00094
2.89433 0.0
2.89433 0.00094
2.89622 0.0
2.89622 0.00094
2.89905 0.0
2.89905 0.00094
2.90188 0.0
2.90188 0.00095
2.90377 0.0
2.90377 0.00094
2.9066 0.0
2.9066 0.00095
2.90943 0.0
2.90943 0.00095
2.91132 0.0
2.91132 0.00095
2.91321 0.0
2.91321 0.00094
2.9151 0.0
2.9151 0.00094
2.968 0.0
2.968 0.00094
2.97082 0.0
2.97082 0.00094
2.9727 0.0
2.9727 0.00095
2.97459 0.0
2.97459 0.00095
2.97648 0.0
2.97648 0.00094
2.97837 0.0
2.97837 0.00094
2.98026 0.0
2.98026 0.00094
2.98214 0.0
2.98214 0.00095
2.98403 0.0
2.98403 0.00095
2.98592 0.0
2.98592 0.00094
2.98875 0.0
2.98875 0.00095
2.99064 0.0
2.99064 0.00094
2.99347 0.0
2.99347 0.00095
2.9963 0.0
2.9963 0.00095
2.99819 0.0
2.99819 0.00095
3.00102 0.0
3.00102 0.00095
3.00386 0.0
3.00386 0.00094
3.00574 0.0
3.00574 0.00095
3.00858 0.0
3.00858 0.00094
3.01141 0.0
3.01141 0.00094
3.0133 0.0
3.0133 0.00094
3.01518 0.0
3.01518 0.00095
3.01707 0.0
3.01707 0.00095
3.06997 0.0
3.06997 0.00095
3.07279 0.0
3.07279 0.00094
3.07468 0.0
3.07468 0.00094
3.07657 0.0
3.07657 0.00094
3.07845 0.0
3.07845 0.00095
3.08034 0.0
3.08034 0.00095
3.08223 0.0
3.08223 0.00094
3.08223 0.00189
3.08412 0.00094
3.08412 0.00189
3.08601 0.00094
3.08601 0.00188
3.08789 0.00095
3.08789 0.00189
3.09073 0.0
3.09073 0.00094
3.09261 0.0
3.09261 0.00095
3.09545 0.0
3.09545 0.00094
3.09828 0.0
3.09828 0.00094
3.10017 0.0
3.10017 0.00094
3.103 0.0
3.103 0.00094
3.10583 0.0
3.10583 0.00094
3.10772 0.0
3.10772 0.00094
3.11055 0.0
3.11055 0.00094
3.11338 0.0
3.11338 0.00095
3.11527 0.0
3.11527 0.00094
3.11716 0.0
3.11716 0.00094
3.11905 0.0
3.11905 0.00094
3.17195 0.0
3.17195 0.00094
3.17476 0.0
3.17476 0.00095
3.17665 0.0
3.17665 0.00095
3.17854 0.0
3.17854 0.00094
3.18043 0.0
3.18043 0.00094
3.18232 0.0
3.18232 0.00094
3.1842 0.0
3.1842 0.00095
3.18609 0.0
3.18609 0.00095
3.18798 0.0
3.18798 0.00094
3.18987 0.0
3.18987 0.00094
3.19176 0.0
3.19176 0.00094
3.19364 0.0
3.19364 0.00095
3.19648 0.0
3.19648 0.00094
3.19931 0.0
3.19931 0.00094
3.2012 0.0
3.2012 0.00094
3.20403 0.0
3.20403 0.00094
3.20686 0.0
3.20686 0.00094
3.20875 0.0
3.20875 0.00094
3.21158 0.0
3.21158 0.00094
3.21441 0.0
3.21441 0.00095
3.2163 0.0
3.2163 0.00094
3.21819 0.0
3.21819 0.00094
3.22008 0.0
3.22008 0.00094
3.27298 0.0
3.27298 0.00094
3.2758 0.0
3.2758 0.00094
3.27768 0.0
3.27768 0.00095
3.27957 0.0
3.27957 0.00095
3.28146 0.0
3.28146 0.00094
3.28335 0.0
3.28335 0.00094
3.28524 0.0
3.28524 0.00094
3.28712 0.0
3.28712 0.00095
3.28901 0.0
3.28901 0.00095
3.28901 0.00189
3.2909 0.00094
3.2909 0.00189
3.29279 0.00094
3.29279 0.00189
3.29468 0.00094
3.29468 0.00188
3.29751 0.0
3.29751 0.00094
3.30034 0.0
3.30034 0.00094
3.30223 0.0
3.30223 0.00094
3.30506 0.0
3.30506 0.00094
3.30789 0.0
3.30789 0.00095
3.30978 0.0
3.30978 0.00094
3.31261 0.0
3.31261 0.00095
3.31544 0.0
3.31544 0.00095
3.31733 0.0
3.31733 0.00095
3.31922 0.0
3.31922 0.00094
3.32111 0.0
3.32111 0.00094
3.37401 0.0
3.37401 0.00094
3.37683 0.0
3.37683 0.00094
3.37871 0.0
3.37871 0.00095
3.3806 0.0
3.3806 0.00095
3.38249 0.0
3.38249 0.00094
3.38438 0.0
3.38438 0.00094
3.38627 0.0
3.38627 0.00094
3.38815 0.0
3.38815 0.00095
3.39004 0.0
3.39004 0.00095
3.39193 0.0
3.39193 0.00094
3.39382 0.0
3.39382 0.00094
3.39571 0.0
3.39571 0.00094
3.39759 0.0
3.39759 0.00095
3.39948 0.0
3.39948 0.00095
3.40231 0.0
3.40231 0.00095
3.4042 0.0
3.4042 0.00095
3.40703 0.0
3.40703 0.00095
3.40987 0.0
3.40987 0.00094
3.41175 0.0
3.41175 0.00095
3.41459 0.0
3.41459 0.00094
3.41742 0.0
3.41742 0.00094
3.41931 0.0
3.41931 0.00094
3.42119 0.0
3.42119 0.00095
3.42308 0.0
3.42308 0.00095
3.47598 0.0
3.47598 0.00094
3.4788 0.0
3.4788 0.00094
3.48069 0.0
3.48069 0.00094
3.48258 0.0
3.48258 0.00094
3.48446 0.0
3.48446 0.00095
3.48635 0.0
3.48635 0.00095
3.48824 0.0
3.48824 0.00094
3.49013 0.0
3.49013 0.00094
3.49202 0.0
3.49202 0.00094
3.4939 0.0
3.4939 0.00095
3.49579 0.0
3.49579 0.00095
3.49768 0.0
3.49768 0.00094
3.49768 0.00189
3.49957 0.00094
3.49957 0.00189
3.50146 0.00094
3.50146 0.00188
3.50429 0.0
3.50429 0.00094
3.50618 0.0
3.50618 0.00094
3.50901 0.0
3.50901 0.00094
3.51184 0.0
3.51184 0.00094
3.51373 0.0
3.51373 0.00094
3.51656 0.0
3.51656 0.00094
3.51939 0.0
3.51939 0.00095
3.52128 0.0
3.52128 0.00094
3.52317 0.0
3.52317 0.00094
3.52506 0.0
3.52506 0.00094
3.57796 0.0
3.57796 0.00094
3.58077 0.0
3.58077 0.00095
3.58266 0.0
3.58266 0.00095
3.58455 0.0
3.58455 0.00094
3.58644 0.0
3.58644 0.00094
3.58833 0.0
3.58833 0.00094
3.59021 0.0
3.59021 0.00095
3.5921 0.0
3.5921 0.00095
3.59399 0.0
3.59399 0.00094
3.59588 0.0
3.59588 0.00094
3.59777 0.0
3.59777 0.00094
3.59965 0.0
3.59965 0.00095
3.60154 0.0
3.60154 0.00095
3.60343 0.0
3.60343 0.00094
3.60532 0.0
3.60532 0.00094
3.60721 0.0
3.60721 0.00094
3.61004 0.0
3.61004 0.00094
3.61287 0.0
3.61287 0.00094
3.61476 0.0
3.61476 0.00094
3.61759 0.0
3.61759 0.00094
3.62042 0.0
3.62042 0.00095
3.62231 0.0
3.62231 0.00094
3.6242 0.0
3.6242 0.00094
3.62609 0.0
3.62609 0.00094
3.67899 0.0
3.67899 0.00094
3.6818 0.0
3.6818 0.00095
3.68369 0.0
3.68369 0.00095
3.68558 0.0
3.68558 0.00094
3.68747 0.0
3.68747 0.00094
3.68936 0.0
3.68936 0.00094
3.69124 0.0
3.69124 0.00095
3.69313 0.0
3.69313 0.00095
3.69502 0.0
3.69502 0.00094
3.69691 0.0
3.69691 0.00094
3.6988 0.0
3.6988 0.00094
3.70068 0.0
3.70068 0.00095
3.70257 0.0
3.70257 0.00095
3.70446 0.0
3.70446 0.00094
3.70635 0.0
3.70635 0.00094
3.70824 0.0
3.70824 0.00094
3.71107 0.0
3.71107 0.00094
3.7139 0.0
3.7139 0.00094
3.7139 0.00189
3.71579 0.00094
3.71579 0.00189
3.71862 0.0
3.71862 0.00094
3.72145 0.0
3.72145 0.00095
3.72334 0.0
3.72334 0.00094
3.72523 0.0
3.72523 0.00094
3.72712 0.0
3.72712 0.00094
3.78002 0.0
3.78002 0.00094
3.78284 0.0
3.78284 0.00094
3.78472 0.0
3.78472 0.00095
3.78661 0.0
3.78661 0.00095
3.7885 0.0
3.7885 0.00094
3.79039 0.0
3.79039 0.00094
3.79228 0.0
3.79228 0.00094
3.79416 0.0
3.79416 0.00095
3.79605 0.0
3.79605 0.00095
3.79794 0.0
3.79794 0.00094
3.79983 0.0
3.79983 0.00094
3.80172 0.0
3.80172 0.00094
3.8036 0.0
3.8036 0.00095
3.80549 0.0
3.80549 0.00095
3.80738 0.0
3.80738 0.00094
3.80927 0.0
3.80927 0.00094
3.8121 0.0
3.8121 0.00094
3.81493 0.0
3.81493 0.00095
3.81682 0.0
3.81682 0.00094
3.81871 0.0
3.81871 0.00094
3.8206 0.0
3.8206 0.00094
3.82343 0.0
3.82343 0.00094
3.82532 0.0
3.82532 0.00094
3.8272 0.0
3.8272 0.00095
3.82909 0.0
3.82909 0.00095
3.88199 0.0
3.88199 0.00094
3.88481 0.0
3.88481 0.00094
3.8867 0.0
3.8867 0.00094
3.88859 0.0
3.88859 0.00094
3.89047 0.0
3.89047 0.00095
3.89236 0.0
3.89236 0.00095
3.89425 0.0
3.89425 0.00094
3.89614 0.0
3.89614 0.00094
3.89803 0.0
3.89803 0.00094
3.89991 0.0
3.89991 0.00095
3.9018 0.0
3.9018 0.00095
3.90369 0.0
3.90369 0.00094
3.90558 0.0
3.90558 0.00094
3.90747 0.0
3.90747 0.00094
3.90935 0.0
3.90935 0.00095
3.91124 0.0
3.91124 0.00095
3.91407 0.0
3.91407 0.00095
3.91691 0.0
3.91691 0.00094
3.91879 0.0
3.91879 0.00095
3.92068 0.0
3.92068 0.00095
3.92257 0.0
3.92257 0.00094
3.9254 0.0
3.9254 0.00095
3.9254 0.00189
3.92729 0.00094
3.92729 0.00189
3.92918 0.00094
3.92918 0.00189
3.93107 0.00094
3.93107 0.00188
3.98396 0.0
3.98396 0.00095
3.98678 0.0
3.98678 0.00095
3.98867 0.0
3.98867 0.00095
3.99056 0.0
3.99056 0.00094
3.99245 0.0
3.99245 0.00094
3.99434 0.0
3.99434 0.00094
3.99622 0.0
3.99622 0.00095
3.99811 0.0
3.99811 0.00095
4.0 0.0
4.0 0.00094
4.00189 0.0
4.00189 0.00094
4.00378 0.0
4.00378 0.00094
4.00566 0.0
4.00566 0.00095
4.00755 0.0
4.00755 0.00095
4.00944 0.0
4.00944 0.00094
4.01133 0.0
4.01133 0.00094
4.01322 0.0
4.01322 0.000940000000001
4.01605 0.0
4.01605 0.00094
4.01888 0.0
4.01888 0.00094
4.02077 0.0
4.02077 0.00094
4.02266 0.0
4.02266 0.00094
4.02454 0.0
4.02454 0.00095
4.02738 0.0
4.02738 0.00094
4.02926 0.0
4.02926 0.00095
4.03115 0.0
4.03115 0.00095
4.03304 0.0
4.03304 0.00094
4.085 0.0
4.085 0.00094
4.08781 0.0
4.08781 0.00095
4.0897 0.0
4.0897 0.00095
4.09159 0.0
4.09159 0.00094
4.09348 0.0
4.09348 0.000940000000001
4.09537 0.0
4.09537 0.00094
4.09725 0.0
4.09725 0.00095
4.09914 0.0
4.09914 0.00095
4.10103 0.0
4.10103 0.00094
4.10292 0.0
4.10292 0.00094
4.10481 0.0
4.10481 0.00094
4.10669 0.0
4.10669 0.00095
4.10858 0.0
4.10858 0.00095
4.11047 0.0
4.11047 0.00094
4.11236 0.0
4.11236 0.00094
4.11425 0.0
4.11425 0.00094
4.11708 0.0
4.11708 0.00094
4.11991 0.0
4.11991 0.00094
4.1218 0.0
4.1218 0.00094
4.12369 0.0
4.12369 0.00094
4.12557 0.0
4.12557 0.00095
4.12841 0.0
4.12841 0.00094
4.13029 0.0
4.13029 0.00095
4.13218 0.0
4.13218 0.00095
4.13407 0.0
4.13407 0.00094
4.18603 0.0
4.18603 0.00094
4.18603 0.00188
4.18884 2.00000000001e-05
4.18884 0.00096
4.19073 2.00000000001e-05
4.19073 0.00096
4.19262 1.00000000005e-05
4.19262 0.00096
4.19451 9.99999999962e-06
4.19451 0.00096
4.1964 1.00000000005e-05
4.1964 0.00095
4.19828 2.00000000001e-05
4.19828 0.00096
4.20017 2.00000000001e-05
4.20017 0.00096
4.20206 9.99999999962e-06
4.20206 0.00096
4.20395 1.00000000005e-05
4.20395 0.00096
4.20584 9.99999999962e-06
4.20584 0.00095
4.20772 2.00000000001e-05
4.20772 0.00096
4.20961 2.00000000001e-05
4.20961 0.00096
4.2115 9.99999999962e-06
4.2115 0.00096
4.21339 9.99999999962e-06
4.21339 0.000959999999999
4.21528 1.00000000005e-05
4.21528 0.00095
4.21811 0.0
4.21811 0.00094
4.22094 0.0
4.22094 0.00094
4.22283 0.0
4.22283 0.00094
4.22472 0.0
4.22472 0.000940000000001
4.2266 0.0
4.2266 0.00095
4.22944 0.0
4.22944 0.00094
4.23132 0.0
4.23132 0.00095
4.23321 0.0
4.23321 0.00095
4.2351 0.0
4.2351 0.00094
4.28706 0.0
4.28706 0.00094
4.28894 0.0
4.28894 0.00095
4.29083 0.0
4.29083 0.00095
4.29272 0.0
4.29272 0.00094
4.29461 0.0
4.29461 0.000940000000001
4.2965 0.0
4.2965 0.00094
4.29838 0.0
4.29838 0.00095
4.30027 0.0
4.30027 0.00095
4.30216 0.0
4.30216 0.00094
4.30405 0.0
4.30405 0.00094
4.30594 0.0
4.30594 0.00094
4.30782 0.0
4.30782 0.00095
4.30971 0.0
4.30971 0.00095
4.3116 0.0
4.3116 0.00094
4.31349 0.0
4.31349 0.00094
4.31538 0.0
4.31538 0.00094
4.31726 0.0
4.31726 0.00095
4.32008 0.0
4.32008 0.00095
4.32292 0.0
4.32292 0.00094
4.3248 0.0
4.3248 0.00095
4.32669 0.0
4.32669 0.00095
4.32858 0.0
4.32858 0.00094
4.33141 0.0
4.33141 0.00095
4.3333 0.0
4.3333 0.00094
4.33519 0.0
4.33519 0.00094
4.33708 0.0
4.33708 0.00094
4.38903 0.0
4.38903 0.00094
4.39092 0.0
4.39092 0.00094
4.39281 0.0
4.39281 0.00094
4.39469 0.0
4.39469 0.00095
4.39469 0.00189
4.39658 0.00095
4.39658 0.00189
4.39847 0.00094
4.39847 0.00189
4.40036 0.00094
4.40036 0.00189
4.40225 0.00094
4.40225 0.00188
4.40413 0.00095
4.40413 0.00189
4.40602 0.00095
4.40602 0.00189
4.40791 0.00094
4.40791 0.00189
4.4098 0.00094
4.4098 0.00189
4.41169 0.00094
4.41169 0.00188
4.41357 0.00095
4.41357 0.00189
4.41546 0.00095
4.41546 0.00189
4.41735 0.00094
4.41735 0.00189
4.41924 0.00094
4.41924 0.00189
4.42206 9.99999999962e-06
4.42206 0.00095
4.42489 0.0
4.42489 0.00094
4.42678 0.0
4.42678 0.00094
4.42867 0.0
4.42867 0.00094
4.43055 0.0
4.43055 0.00095
4.43339 0.0
4.43339 0.00094
4.43527 0.0
4.43527 0.00095
4.43716 0.0
4.43716 0.00095
4.43905 0.0
4.43905 0.00094
4.491 0.0
4.491 0.00095
4.49289 0.0
4.49289 0.00095
4.49478 0.0
4.49478 0.00094
4.49667 0.0
4.49667 0.00094
4.49856 0.0
4.49856 0.00094
4.50044 0.0
4.50044 0.00095
4.50233 0.0
4.50233 0.00095
4.50422 0.0
4.50422 0.00094
4.50611 0.0
4.50611 0.00094
4.508 0.0
4.508 0.00094
4.50988 0.0
4.50988 0.00095
4.51177 0.0
4.51177 0.00095
4.51366 0.0
4.51366 0.00094
4.51555 0.0
4.51555 0.00094
4.51744 0.0
4.51744 0.00094
4.51932 0.0
4.51932 0.00095
4.52121 0.0
4.52121 0.00095
4.5231 0.0
4.5231 0.00094
4.52592 0.0
4.52592 0.00094
4.52781 0.0
4.52781 0.00094
4.5297 0.0
4.5297 0.00094
4.53158 0.0
4.53158 0.00095
4.53442 0.0
4.53442 0.00094
4.5363 0.0
4.5363 0.00095
4.53819 0.0
4.53819 0.00095
4.54008 0.0
4.54008 0.00094
4.59204 0.0
4.59204 0.00094
4.59392 0.0
4.59392 0.00095
4.59581 0.0
4.59581 0.00095
4.5977 0.0
4.5977 0.00094
4.59959 0.0
4.59959 0.00094
4.60148 0.0
4.60148 0.000940000000001
4.60336 0.0
4.60336 0.00095
4.60525 0.0
4.60525 0.00095
4.60525 0.00189
4.60714 0.00094
4.60714 0.00189
4.60903 0.00094
4.60903 0.00189
4.61092 0.00094
4.61092 0.00188
4.6128 0.00095
4.6128 0.00189
4.61469 0.00095
4.61469 0.00189
4.61658 0.00094
4.61658 0.00189
4.61847 0.00094
4.61847 0.00189
4.62036 0.00094
4.62036 0.00188
4.62224 0.00095
4.62224 0.00189
4.62413 0.00095
4.62413 0.00189
4.62695 1.00000000005e-05
4.62695 0.00096
4.62884 9.99999999962e-06
4.62884 0.00096
4.63073 1.00000000005e-05
4.63073 0.00095
4.63261 2.00000000001e-05
4.63261 0.00096
4.63545 0.0
4.63545 0.00094
4.63733 0.0
4.63733 0.00095
4.63922 0.0
4.63922 0.00095
4.64111 0.0
4.64111 0.00094
4.69307 0.0
4.69307 0.00094
4.69495 0.0
4.69495 0.00095
4.69684 0.0
4.69684 0.00095
4.69873 0.0
4.69873 0.00094
4.70062 0.0
4.70062 0.00094
4.70251 0.0
4.70251 0.00094
4.70439 0.0
4.70439 0.00095
4.70628 0.0
4.70628 0.00095
4.70817 0.0
4.70817 0.00094
4.71006 0.0
4.71006 0.00094
4.71195 0.0
4.71195 0.00094
4.71383 0.0
4.71383 0.00095
4.71572 0.0
4.71572 0.00095
4.71761 0.0
4.71761 0.00094
4.7195 0.0
4.7195 0.00094
4.72139 0.0
4.72139 0.00094
4.72327 0.0
4.72327 0.00095
4.72516 0.0
4.72516 0.00095
4.72705 0.0
4.72705 0.00094
4.72894 0.0
4.72894 0.00094
4.73083 0.0
4.73083 0.00094
4.73271 0.0
4.73271 0.00095
4.7346 0.0
4.7346 0.00095
4.73742 0.0
4.73742 0.00094
4.73931 0.0
4.73931 0.00094
4.7412 0.0
4.7412 0.00094
4.74308 0.0
4.74308 0.00095
4.79504 0.0
4.79504 0.00094
4.79693 0.0
4.79693 0.00094
4.79882 0.0
4.79882 0.00094
4.8007 0.0
4.8007 0.00095
4.80259 0.0
4.80259 0.00095
4.80448 0.0
4.80448 0.00094
4.80637 0.0
4.80637 0.00094
4.80826 0.0
4.80826 0.00094
4.81014 0.0
4.81014 0.00095
4.81203 0.0
4.81203 0.00095
4.81392 0.0
4.81392 0.00094
4.81581 0.0
4.81581 0.00094
4.8177 0.0
4.8177 0.00094
4.81958 0.0
4.81958 0.00095
4.81958 0.00189
4.82147 0.00095
4.82147 0.00189
4.82336 0.00094
4.82336 0.00189
4.82525 0.000940000000001
4.82525 0.00189
4.82714 0.00094
4.82714 0.00188
4.82902 0.00095
4.82902 0.00189
4.83091 0.00095
4.83091 0.00189
4.8328 0.00094
4.8328 0.00189
4.83469 0.00094
4.83469 0.00189
4.83658 0.00094
4.83658 0.00188
4.8394 9.99999999962e-06
4.8394 0.00095
4.84128 2.00000000001e-05
4.84128 0.00096
4.84317 1.00000000005e-05
4.84317 0.00096
4.84506 9.99999999962e-06
4.84506 0.00096
4.89701 0.0
4.89701 0.00095
4.8989 0.0
4.8989 0.00095
4.90079 0.0
4.90079 0.00094
4.90268 0.0
4.90268 0.00094
4.90457 0.0
4.90457 0.00094
4.90645 0.0
4.90645 0.00095
4.90834 0.0
4.90834 0.00095
4.91023 0.0
4.91023 0.00094
4.91212 0.0
4.91212 0.00094
4.91401 0.0
4.91401 0.00094
4.91589 0.0
4.91589 0.00095
4.91778 0.0
4.91778 0.00095
4.91967 0.0
4.91967 0.00094
4.92156 0.0
4.92156 0.00094
4.92345 0.0
4.92345 0.00094
4.92533 0.0
4.92533 0.00095
4.92722 0.0
4.92722 0.00095
4.92911 0.0
4.92911 0.00094
4.931 0.0
4.931 0.00094
4.93289 0.0
4.93289 0.00094
4.93477 0.0
4.93477 0.00095
4.93666 0.0
4.93666 0.00095
4.93855 0.0
4.93855 0.00094
4.94044 0.0
4.94044 0.00094
4.94233 0.0
4.94233 0.00094
4.94421 0.0
4.94421 0.00095
4.9461 0.0
4.9461 0.00095
4.99804 0.0
4.99804 0.00095
4.99993 0.0
4.99993 0.00095
5.00182 0.0
5.00182 0.00094
5.00371 0.0
5.00371 0.00094
5.0056 0.0
5.0056 0.00094
5.00748 0.0
5.00748 0.00095
5.00937 0.0
5.00937 0.00095
5.01126 0.0
5.01126 0.00094
5.01315 0.0
5.01315 0.00094
5.01504 0.0
5.01504 0.00094
5.01692 0.0
5.01692 0.00095
5.01881 0.0
5.01881 0.00095
5.0207 0.0
5.0207 0.00094
5.02259 0.0
5.02259 0.00094
5.02448 0.0
5.02448 0.000940000000001
5.02636 0.0
5.02636 0.00095
5.02825 0.0
5.02825 0.00095
5.03014 0.0
5.03014 0.00094
5.03203 0.0
5.03203 0.00094
5.03392 0.0
5.03392 0.00094
5.03392 0.00188
5.0358 0.00095
5.0358 0.00189
5.03769 0.00095
5.03769 0.00189
5.03958 0.00094
5.03958 0.00189
5.04147 0.00094
5.04147 0.00189
5.04336 0.00094
5.04336 0.00188
5.04524 0.00095
5.04524 0.00189
5.04713 0.00095
5.04713 0.00189
5.09908 0.0
5.09908 0.00094
5.10096 0.0
5.10096 0.00095
5.10285 0.0
5.10285 0.00095
5.10474 0.0
5.10474 0.000940000000001
5.10663 0.0
5.10663 0.00094
5.10852 0.0
5.10852 0.00094
5.1104 0.0
5.1104 0.00095
5.11229 0.0
5.11229 0.00095
5.11418 0.0
5.11418 0.00094
5.11607 0.0
5.11607 0.00094
5.11796 0.0
5.11796 0.00094
5.11984 0.0
5.11984 0.00095
5.12173 0.0
5.12173 0.00095
5.12362 0.0
5.12362 0.00094
5.12551 0.0
5.12551 0.00094
5.1274 0.0
5.1274 0.00094
5.12928 0.0
5.12928 0.00095
5.13117 0.0
5.13117 0.00095
5.13306 0.0
5.13306 0.00094
5.13495 0.0
5.13495 0.00094
5.13684 0.0
5.13684 0.00094
5.13872 0.0
5.13872 0.00095
5.14061 0.0
5.14061 0.00095
5.1425 0.0
5.1425 0.00094
5.14439 0.0
5.14439 0.000940000000001
5.14628 0.0
5.14628 0.00094
5.14816 0.0
5.14816 0.00095
5.15005 0.0
5.15005 0.00095
5.20105 0.0
5.20105 0.00094
5.20294 0.0
5.20294 0.00094
5.20483 0.0
5.20483 0.00094
5.20671 0.0
5.20671 0.00095
5.2086 0.0
5.2086 0.00095
5.21049 0.0
5.21049 0.00094
5.21238 0.0
5.21238 0.000940000000001
5.21427 0.0
5.21427 0.00094
5.21615 0.0
5.21615 0.00095
5.21804 0.0
5.21804 0.00095
5.21993 0.0
5.21993 0.00094
5.22182 0.0
5.22182 0.00094
5.22371 0.0
5.22371 0.00094
5.22559 0.0
5.22559 0.00095
5.22748 0.0
5.22748 0.00095
5.22937 0.0
5.22937 0.00094
5.23126 0.0
5.23126 0.00094
5.23315 0.0
5.23315 0.00094
5.23503 0.0
5.23503 0.00095
5.23692 0.0
5.23692 0.00095
5.23881 0.0
5.23881 0.00094
5.2407 0.0
5.2407 0.00094
5.24259 0.0
5.24259 0.00094
5.24447 0.0
5.24447 0.00095
5.24447 0.00189
5.24636 0.00095
5.24636 0.00189
5.24825 0.00094
5.24825 0.00189
5.25014 0.00094
5.25014 0.00189
5.25203 0.00094
5.25203 0.00188
5.30302 0.0
5.30302 0.00095
5.30491 0.0
5.30491 0.00095
5.3068 0.0
5.3068 0.00094
5.30869 0.0
5.30869 0.00094
5.31058 0.0
5.31058 0.00094
5.31246 0.0
5.31246 0.00095
5.31435 0.0
5.31435 0.00095
5.31624 0.0
5.31624 0.00094
5.31813 0.0
5.31813 0.00094
5.32002 0.0
5.32002 0.00094
5.3219 0.0
5.3219 0.00095
5.32379 0.0
5.32379 0.00095
5.32568 0.0
5.32568 0.00094
5.32757 0.0
5.32757 0.00094
5.32946 0.0
5.32946 0.00094
5.33134 0.0
5.33134 0.00095
5.33323 0.0
5.33323 0.00095
5.33512 0.0
5.33512 0.00094
5.33701 0.0
5.33701 0.00094
5.3389 0.0
5.3389 0.00094
5.34078 0.0
5.34078 0.00095
5.34267 0.0
5.34267 0.00095
5.34456 0.0
5.34456 0.00094
5.34645 0.0
5.34645 0.00094
5.34834 0.0
5.34834 0.00094
5.35022 0.0
5.35022 0.00095
5.35211 0.0
5.35211 0.00095
5.354 0.0
5.354 0.00094
5.40405 0.0
5.40405 0.00095
5.40594 0.0
5.40594 0.00095
5.40783 0.0
5.40783 0.00094
5.40972 0.0
5.40972 0.00094
5.41161 0.0
5.41161 0.000940000000001
5.41349 0.0
5.41349 0.00095
5.41538 0.0
5.41538 0.00095
5.41727 0.0
5.41727 0.00094
5.41916 0.0
5.41916 0.00094
5.42105 0.0
5.42105 0.00094
5.42293 0.0
5.42293 0.00095
5.42482 0.0
5.42482 0.00095
5.42671 0.0
5.42671 0.00094
5.4286 0.0
5.4286 0.00094
5.43049 0.0
5.43049 0.00094
5.43237 0.0
5.43237 0.00095
5.43426 0.0
5.43426 0.00095
5.43615 0.0
5.43615 0.000940000000001
5.43804 0.0
5.43804 0.00094
5.43993 0.0
5.43993 0.00094
5.44181 0.0
5.44181 0.00095
5.4437 0.0
5.4437 0.00095
5.44559 0.0
5.44559 0.00094
5.44748 0.0
5.44748 0.00094
5.44937 0.0
5.44937 0.00094
5.45125 0.0
5.45125 0.00095
5.45314 0.0
5.45314 0.00095
5.45503 0.0
5.45503 0.00094
5.45503 0.00189
5.50508 0.0
5.50508 0.00095
5.50697 0.0
5.50697 0.00095
5.50886 0.0
5.50886 0.00094
5.51075 0.0
5.51075 0.00094
5.51264 0.0
5.51264 0.00094
5.51452 0.0
5.51452 0.00095
5.51641 0.0
5.51641 0.00095
5.5183 0.0
5.5183 0.00094
5.52019 0.0
5.52019 0.00094
5.52208 0.0
5.52208 0.00094
5.52396 0.0
5.52396 0.00095
5.52585 0.0
5.52585 0.00095
5.52774 0.0
5.52774 0.00094
5.52963 0.0
5.52963 0.00094
5.53152 0.0
5.53152 0.00094
5.5334 0.0
5.5334 0.00095
5.53529 0.0
5.53529 0.00095
5.53718 0.0
5.53718 0.00094
5.53907 0.0
5.53907 0.00094
5.54096 0.0
5.54096 0.00094
5.54284 0.0
5.54284 0.00095
5.54473 0.0
5.54473 0.00095
5.54662 0.0
5.54662 0.00094
5.54851 0.0
5.54851 0.00094
5.5504 0.0
5.5504 0.00094
5.55228 0.0
5.55228 0.00095
5.55417 0.0
5.55417 0.00095
5.55606 0.0
5.55606 0.00094
5.55795 0.0
5.55795 0.00094
5.60706 0.0
5.60706 0.00094
5.60895 0.0
5.60895 0.00094
5.61084 0.0
5.61084 0.000940000000001
5.61272 0.0
5.61272 0.00095
5.61461 0.0
5.61461 0.00095
5.6165 0.0
5.6165 0.00094
5.61839 0.0
5.61839 0.00094
5.62028 0.0
5.62028 0.00094
5.62216 0.0
5.62216 0.00095
5.62405 0.0
5.62405 0.00095
5.62594 0.0
5.62594 0.00094
5.62783 0.0
5.62783 0.00094
5.62972 0.0
5.62972 0.00094
5.6316 0.0
5.6316 0.00095
5.63349 0.0
5.63349 0.00095
5.63538 0.0
5.63538 0.000940000000001
5.63727 0.0
5.63727 0.00094
5.63916 0.0
5.63916 0.00094
5.64104 0.0
5.64104 0.00095
5.64293 0.0
5.64293 0.00095
5.64482 0.0
5.64482 0.00094
5.64671 0.0
5.64671 0.00094
5.6486 0.0
5.6486 0.00094
5.65048 0.0
5.65048 0.00095
5.65237 0.0
5.65237 0.00094
5.65426 0.0
5.65426 0.00094
5.65615 0.0
5.65615 0.00094
5.65803 0.0
5.65803 0.00095
5.65992 0.0
5.65992 0.00095
5.70903 0.0
5.70903 0.00095
5.70903 0.00189
5.71092 0.00095
5.71092 0.00189
5.71281 0.00094
5.71281 0.00189
5.7147 0.00094
5.7147 0.00189
5.71659 0.00094
5.71659 0.00188
5.71847 0.00095
5.71847 0.00189
5.72036 0.00095
5.72036 0.00189
5.72225 0.00094
5.72225 0.00189
5.72414 0.00094
5.72414 0.00189
5.72603 0.00094
5.72603 0.00188
5.72791 0.00095
5.72791 0.00189
5.7298 0.00095
5.7298 0.00189
5.73169 0.00094
5.73169 0.00189
5.73358 0.00094
5.73358 0.00189
5.73547 0.00094
5.73547 0.00188
5.73735 0.00095
5.73735 0.00189
5.73924 0.00095
5.73924 0.00189
5.74113 0.00094
5.74113 0.00189
5.74302 0.000940000000001
5.74302 0.00189
5.74491 0.00094
5.74491 0.00188
5.74679 0.00095
5.74679 0.00189
5.74868 0.00095
5.74868 0.00189
5.75057 0.00094
5.75057 0.00189
5.75246 0.00094
5.75246 0.00189
5.75435 0.00094
5.75435 0.00188
5.75623 0.00095
5.75623 0.00189
5.75812 0.00095
5.75812 0.00189
5.76001 0.00094
5.76001 0.00189
5.7619 0.00094
5.7619 0.00189
5.81101 0.0
5.81101 0.000940000000001
5.8129 0.0
5.8129 0.00094
5.81478 0.0
5.81478 0.00095
5.81667 0.0
5.81667 0.00095
5.81856 0.0
5.81856 0.00094
5.82045 0.0
5.82045 0.00094
5.82234 0.0
5.82234 0.00094
5.82422 0.0
5.82422 0.00095
5.82611 0.0
5.82611 0.00095
5.828 0.0
5.828 0.00094
5.82989 0.0
5.82989 0.00094
5.83178 0.0
5.83178 0.00094
5.83366 0.0
5.83366 0.00095
5.83555 0.0
5.83555 0.00095
5.83744 0.0
5.83744 0.00094
5.83933 0.0
5.83933 0.00094
5.84122 0.0
5.84122 0.00094
5.8431 0.0
5.8431 0.00095
5.84499 0.0
5.84499 0.00095
5.84688 0.0
5.84688 0.00094
5.84877 0.0
5.84877 0.00094
5.85066 0.0
5.85066 0.00094
5.85254 0.0
5.85254 0.00095
5.85443 0.0
5.85443 0.00095
5.85632 0.0
5.85632 0.00094
5.85821 0.0
5.85821 0.00094
5.8601 0.0
5.8601 0.00094
5.86198 0.0
5.86198 0.00095
5.86387 0.0
5.86387 0.00095
5.91204 0.0
5.91204 0.00094
5.91393 0.0
5.91393 0.00094
5.91581 0.0
5.91581 0.00095
5.9177 0.0
5.9177 0.00095
5.91959 0.0
5.91959 0.00094
5.92148 0.0
5.92148 0.00094
5.92148 0.00189
5.92337 0.00094
5.92337 0.00188
5.92525 0.00095
5.92525 0.00189
5.92714 0.00095
5.92714 0.00189
5.92903 0.00094
5.92903 0.00189
5.93092 0.00094
5.93092 0.00189
5.93281 0.00094
5.93281 0.00188
5.93469 0.00095
5.93469 0.00189
5.93658 0.00095
5.93658 0.00189
5.93847 0.00094
5.93847 0.00189
5.94036 0.00094
5.94036 0.00189
5.94225 0.000940000000001
5.94225 0.00188
5.94413 0.00095
5.94413 0.00189
5.94602 0.00095
5.94602 0.00189
5.94791 0.00094
5.94791 0.00189
5.9498 0.00094
5.9498 0.00189
5.9517 0.00093
5.95264 0.00093
5.95359 0.000929999999999
6.02913 0.0
6.03007 0.0
6.03102 0.0
6.03196 0.0
6.03291 0.0
6.03385 0.0
6.03479 0.0
6.03574 0.0
6.03668 0.0
6.03763 0.0
6.03857 0.0
6.03951 0.0
6.04046 0.0
6.0414 0.0
6.04235 0.0
6.04329 0.0
6.04423 0.0
6.04518 0.0
6.04612 0.0
6.04707 0.0
6.04801 0.0
6.04895 0.0
6.0499 0.0
6.05084 0.0
6.05179 0.0
6.05273 0.0
6.05367 0.0
6.05462 0.0
6.05555 9.99999999962e-06
6.1311 0.0
6.1311 0.00095
6.13299 0.0
6.13299 0.00095
6.13488 0.0
6.13488 0.00094
6.13677 0.0
6.13677 0.00094
6.13866 0.0
6.13866 0.00094
6.14054 0.0
6.14054 0.00095
6.14243 0.0
6.14243 0.00095
6.14432 0.0
6.14432 0.000940000000001
6.14621 0.0
6.14621 0.00094
6.1481 0.0
6.1481 0.00094
6.14998 0.0
6.14998 0.00095
6.15187 0.0
6.15187 0.00095
6.15376 0.0
6.15376 0.00094
6.15565 0.0
6.15565 0.00094
6.23213 0.0
6.23213 0.00095
6.23402 0.0
6.23402 0.00095
6.23591 0.0
6.23591 0.00094
6.2378 0.0
6.2378 0.00094
6.23969 0.0
6.23969 0.00094
6.24157 0.0
6.24157 0.00095
6.24346 0.0
6.24346 0.00095
6.24535 0.0
6.24535 0.00094
6.24724 0.0
6.24724 0.00094
6.24913 0.0
6.24913 0.00094
6.25101 0.0
6.25101 0.00095
6.2529 0.0
6.2529 0.00095
6.25479 0.0
6.25479 0.00094
6.25668 0.0
6.25668 0.00094
6.33316 0.0
6.33316 0.00095
6.33505 0.0
6.33505 0.00095
6.33694 0.0
6.33694 0.00094
6.33694 0.00189
6.33883 0.00094
6.33883 0.00189
6.34072 0.00094
6.34072 0.00188
6.3426 0.00095
6.3426 0.00189
6.34449 0.00095
6.34449 0.00189
6.34638 0.00094
6.34638 0.00189
6.34827 0.00094
6.34827 0.00189
6.35016 0.00094
6.35016 0.00188
6.35204 0.00095
6.35204 0.00189
6.35393 0.00095
6.35393 0.00189
6.35582 0.000940000000001
6.35582 0.00189
6.35771 0.00094
6.35771 0.00189
6.4342 0.0
6.4342 0.00094
6.43608 0.0
6.43608 0.00095
6.43797 0.0
6.43797 0.00095
6.43986 0.0
6.43986 0.00094
6.44175 0.0
6.44175 0.00094
6.44364 0.0
6.44364 0.00094
6.44552 0.0
6.44552 0.00095
6.44741 0.0
6.44741 0.00094
6.4493 0.0
6.4493 0.00094
6.45119 0.0
6.45119 0.00094
6.45307 0.0
6.45307 0.00095
6.45496 0.0
6.45496 0.00095
6.45685 0.0
6.45685 0.00094
6.45874 0.0
6.45874 0.00094
6.46063 0.0
6.46063 0.00094
6.53617 0.0
6.53617 0.00094
6.53806 0.0
6.53806 0.00094
6.53995 0.0
6.53995 0.00094
6.54183 0.0
6.54183 0.00095
6.54372 0.0
6.54372 0.00095
6.54372 0.00189
6.54561 0.00094
6.54561 0.00189
6.5475 0.00094
6.5475 0.00189
6.54939 0.00094
6.54939 0.00188
6.55127 0.00095
6.55127 0.00189
6.55316 0.00095
6.55316 0.00189
6.55505 0.000940000000001
6.55505 0.00189
6.55694 0.00094
6.55694 0.00189
6.55883 0.00094
6.55883 0.00188
6.56071 0.00095
6.56071 0.00189
6.5626 0.00095
6.5626 0.00189
6.63814 0.0
6.63814 0.00095
6.64003 0.0
6.64003 0.00095
6.64192 0.0
6.64192 0.00094
6.64381 0.0
6.64381 0.00094
6.6457 0.0
6.6457 0.00094
6.64758 0.0
6.64758 0.00095
6.64947 0.0
6.64947 0.00095
6.65136 0.0
6.65136 0.00094
6.65325 0.0
6.65325 0.00094
6.65514 0.0
6.65514 0.00094
6.65702 0.0
6.65702 0.00095
6.65891 0.0
6.65891 0.00095
6.6608 0.0
6.6608 0.00094
6.66269 0.0
6.66269 0.000940000000001
6.66458 0.0
6.66458 0.00094
6.73917 0.0
6.73917 0.00095
6.74106 0.0
6.74106 0.00095
6.74295 0.0
6.74295 0.00094
6.74484 0.0
6.74484 0.00094
6.74673 0.0
6.74673 0.00094
6.74861 0.0
6.74861 0.00095
6.7505 0.0
6.7505 0.00095
6.75239 0.0
6.75239 0.00094
6.75239 0.00189
6.75428 0.00094
6.75428 0.00189
6.75617 0.00094
6.75617 0.00188
6.75805 0.00095
6.75805 0.00189
6.75994 0.00095
6.75994 0.00189
6.76183 0.00094
6.76183 0.00189
6.76372 0.00094
6.76372 0.00189
6.76561 0.00094
6.76561 0.00188
6.8402 0.0
6.8402 0.00095
6.84209 0.0
6.84209 0.00095
6.84398 0.0
6.84398 0.00094
6.84587 0.0
6.84587 0.00094
6.84776 0.0
6.84776 0.00094
6.84964 0.0
6.84964 0.00095
6.85153 0.0
6.85153 0.00095
6.85342 0.0
6.85342 0.00094
6.85531 0.0
6.85531 0.00094
6.8572 0.0
6.8572 0.00094
6.85908 0.0
6.85908 0.00095
6.86097 0.0
6.86097 0.00095
6.86286 0.0
6.86286 0.00094
6.86475 0.0
6.86475 0.00094
6.86664 0.0
6.86664 0.00094
6.86852 0.0
6.86852 0.00095
6.94218 0.0
6.94218 0.000940000000001
6.94407 0.0
6.94407 0.00094
6.94595 0.0
6.94595 0.00095
6.94784 0.0
6.94784 0.00095
6.94973 0.0
6.94973 0.00094
6.95162 0.0
6.95162 0.00094
6.95351 0.0
6.95351 0.00094
6.95539 0.0
6.95539 0.00095
6.95728 0.0
6.95728 0.00095
6.95917 0.0
6.95917 0.00094
6.95917 0.00189
6.96106 0.00094
6.96106 0.00189
6.96295 0.00094
6.96295 0.00188
6.96483 0.00095
6.96483 0.00189
6.96672 0.00095
6.96672 0.00189
6.96861 0.00094
6.96861 0.00189
6.9705 0.00094
6.9705 0.00189
7.04415 0.0
7.04415 0.00095
7.04604 0.0
7.04604 0.00095
7.04793 0.0
7.04793 0.00094
7.04982 0.0
7.04982 0.00094
7.05171 0.0
7.05171 0.00094
7.05359 0.0
7.05359 0.00095
7.05548 0.0
7.05548 0.00095
7.05737 0.0
7.05737 0.00094
7.05926 0.0
7.05926 0.00094
7.06115 0.0
7.06115 0.000940000000001
7.06303 0.0
7.06303 0.00095
7.06492 0.0
7.06492 0.00095
7.06681 0.0
7.06681 0.00094
7.0687 0.0
7.0687 0.00094
7.07059 0.0
7.07059 0.00094
7.07247 0.0
7.07247 0.00095
7.14518 0.0
7.14518 0.00095
7.14707 0.0
7.14707 0.00095
7.14896 0.0
7.14896 0.00094
7.15085 0.0
7.15085 0.00094
7.15274 0.0
7.15274 0.00094
7.15462 0.0
7.15462 0.00095
7.15651 0.0
7.15651 0.00095
7.1584 0.0
7.1584 0.00094
7.16029 0.0
7.16029 0.00094
7.16218 0.0
7.16218 0.00094
7.16406 0.0
7.16406 0.00095
7.16595 0.0
7.16595 0.00095
7.16784 0.0
7.16784 0.00094
7.16784 0.00189
7.16973 0.00094
7.16973 0.00189
7.17162 0.00094
7.17162 0.00188
7.1735 0.00095
7.1735 0.00189
7.24621 0.0
7.24621 0.00095
7.2481 0.0
7.2481 0.00095
7.24999 0.0
7.24999 0.00094
7.25188 0.0
7.25188 0.00094
7.25377 0.0
7.25377 0.00094
7.25565 0.0
7.25565 0.00095
7.25754 0.0
7.25754 0.00095
7.25943 0.0
7.25943 0.00094
7.26132 0.0
7.26132 0.00094
7.26321 0.0
7.26321 0.00094
7.26509 0.0
7.26509 0.00095
7.26698 0.0
7.26698 0.00095
7.26887 0.0
7.26887 0.00094
7.27076 0.0
7.27076 0.00094
7.27265 0.0
7.27265 0.000940000000001
7.27453 0.0
7.27453 0.00095
7.27642 0.0
7.27642 0.00095
7.34819 0.0
7.34819 0.00094
7.35008 0.0
7.35008 0.00094
7.35196 0.0
7.35196 0.00095
7.35385 0.0
7.35385 0.00095
7.35574 0.0
7.35574 0.00094
7.35763 0.0
7.35763 0.00094
7.35952 0.0
7.35952 0.00094
7.3614 0.0
7.3614 0.00095
7.36329 0.0
7.36329 0.00095
7.36518 0.0
7.36518 0.00094
7.36707 0.0
7.36707 0.00094
7.36896 0.0
7.36896 0.00094
7.37084 0.0
7.37084 0.00095
7.37273 0.0
7.37273 0.00095
7.37462 0.0
7.37462 0.00094
7.37462 0.00189
7.37651 0.00094
7.37651 0.00189
7.3784 0.00094
7.3784 0.00188
7.45016 0.0
7.45016 0.00095
7.45205 0.0
7.45205 0.00094
7.45394 0.0
7.45394 0.00094
7.45583 0.0
7.45583 0.00094
7.45771 0.0
7.45771 0.00095
7.4596 0.0
7.4596 0.00095
7.46149 0.0
7.46149 0.00094
7.46338 0.0
7.46338 0.00094
7.46527 0.0
7.46527 0.00094
7.46715 0.0
7.46715 0.00095
7.46904 0.0
7.46904 0.00095
7.47093 0.0
7.47093 0.00094
7.47282 0.0
7.47282 0.000940000000001
7.47471 0.0
7.47471 0.00094
7.47659 0.0
7.47659 0.00095
7.47848 0.0
7.47848 0.00095
7.48037 0.0
7.48037 0.00094
7.55119 0.0
7.55119 0.00095
7.55308 0.0
7.55308 0.00095
7.55497 0.0
7.55497 0.00094
7.55686 0.0
7.55686 0.00094
7.55875 0.0
7.55875 0.00094
7.56063 0.0
7.56063 0.00095
7.56252 0.0
7.56252 0.00095
7.56441 0.0
7.56441 0.00094
7.5663 0.0
7.5663 0.00094
7.56819 0.0
7.56819 0.00094
7.57007 0.0
7.57007 0.00095
7.57196 0.0
7.57196 0.00095
7.57385 0.0
7.57385 0.00094
7.57574 0.0
7.57574 0.00094
7.57763 0.0
7.57763 0.00094
7.57951 0.0
7.57951 0.00095
7.5814 0.0
7.5814 0.00095
7.65222 0.0
7.65222 0.00095
7.65222 0.00189
7.65411 0.00095
7.65411 0.00189
7.656 0.00094
7.656 0.00189
7.65789 0.00094
7.65789 0.00189
7.65978 0.000940000000001
7.65978 0.00188
7.66166 0.00095
7.66166 0.00189
7.66355 0.00095
7.66355 0.00189
7.66544 0.00094
7.66544 0.00189
7.66733 0.00094
7.66733 0.00189
7.66922 0.00094
7.66922 0.00188
7.6711 0.00095
7.6711 0.00189
7.67299 0.00095
7.67299 0.00189
7.67488 0.00094
7.67488 0.00189
7.67677 0.00094
7.67677 0.00189
7.67866 0.00094
7.67866 0.00188
7.68054 0.00095
7.68054 0.00189
7.68243 0.00095
7.68243 0.00189
7.75325 0.0
7.75325 0.00095
7.75514 0.0
7.75514 0.00095
7.75703 0.0
7.75703 0.00094
7.75892 0.0
7.75892 0.00094
7.76081 0.0
7.76081 0.00094
7.76269 0.0
7.76269 0.00095
7.76458 0.0
7.76458 0.00095
7.76647 0.0
7.76647 0.00094
7.76836 0.0
7.76836 0.00094
7.77025 0.0
7.77025 0.00094
7.77213 0.0
7.77213 0.00095
7.77402 0.0
7.77402 0.00095
7.77591 0.0
7.77591 0.00094
7.7778 0.0
7.7778 0.00094
7.77969 0.0
7.77969 0.00094
7.78157 0.0
7.78157 0.00095
7.78346 0.0
7.78346 0.00095
7.78535 0.0
7.78535 0.00094
7.85523 0.0
7.85523 0.00094
7.85712 0.0
7.85712 0.00094
7.859 0.0
7.859 0.00095
7.86089 0.0
7.86089 0.00095
7.86089 0.00189
7.86278 0.00094
7.86278 0.00189
7.86467 0.00094
7.86467 0.00189
7.86656 0.00094
7.86656 0.00188
7.86844 0.00095
7.86844 0.00189
7.87033 0.00095
7.87033 0.00189
7.87222 0.00094
7.87222 0.00189
7.87411 0.00094
7.87411 0.00189
7.876 0.00094
7.876 0.00188
7.87788 0.00095
7.87788 0.00189
7.87977 0.00095
7.87977 0.00189
7.88166 0.00094
7.88166 0.00189
7.88355 0.000940000000001
7.88355 0.00189
7.88544 0.00094
7.88544 0.00188
7.88732 0.00095
7.88732 0.00189
7.9572 0.0
7.9572 0.00095
7.95909 0.0
7.95909 0.00094
7.96098 0.0
7.96098 0.00094
7.96287 0.0
7.96287 0.00094
7.96475 0.0
7.96475 0.00095
7.96664 0.0
7.96664 0.00095
7.96853 0.0
7.96853 0.00094
7.97042 0.0
7.97042 0.00094
7.97231 0.0
7.97231 0.00094
7.97419 0.0
7.97419 0.00095
7.97608 0.0
7.97608 0.00095
7.97797 0.0
7.97797 0.00094
7.97986 0.0
7.97986 0.00094
7.98175 0.0
7.98175 0.00094
7.98363 0.0
7.98363 0.00095
7.98552 0.0
7.98552 0.00095
7.98741 0.0
7.98741 0.00094
7.9893 0.0
7.9893 0.00094
8.05823 0.0
8.05823 0.00095
8.06012 0.0
8.06012 0.000950000000001
8.06201 0.0
8.06201 0.00094
8.0639 0.0
8.0639 0.00094
8.06579 0.0
8.06579 0.00094
8.06767 0.0
8.06767 0.00095
8.06767 0.00189
8.06956 0.000950000000001
8.06956 0.00189
8.07145 0.00094
8.07145 0.00189
8.07334 0.00094
8.07334 0.00189
8.07523 0.00094
8.07523 0.00188
8.07711 0.000950000000001
8.07711 0.00189
8.079 0.00095
8.079 0.00189
8.08089 0.00094
8.08089 0.00189
8.08278 0.00094
8.08278 0.00189
8.08467 0.000940000000002
8.08467 0.00188
8.08655 0.00095
8.08655 0.00189
8.08844 0.00095
8.08844 0.00189
8.09033 0.00094
8.09033 0.00189
8.15926 0.0
8.15926 0.00095
8.16115 0.0
8.16115 0.000950000000001
8.16304 0.0
8.16304 0.00094
8.16493 0.0
8.16493 0.00094
8.16682 0.0
8.16682 0.00094
8.1687 0.0
8.1687 0.000950000000001
8.17059 0.0
8.17059 0.00095
8.17248 0.0
8.17248 0.00094
8.17437 0.0
8.17437 0.00094
8.17626 0.0
8.17626 0.00094
8.17814 0.0
8.17814 0.00095
8.18003 0.0
8.18003 0.00095
8.18192 0.0
8.18192 0.00094
8.18381 0.0
8.18381 0.00094
8.1857 0.0
8.1857 0.00094
8.18758 0.0
8.18758 0.00095
8.18947 0.0
8.18947 0.00095
8.19136 0.0
8.19136 0.00094
8.19325 0.0
8.19325 0.00094
8.26124 0.0
8.26124 0.00094
8.26313 0.0
8.26313 0.00094
8.26501 0.0
8.26501 0.00095
8.2669 0.0
8.2669 0.00095
8.26879 0.0
8.26879 0.00094
8.27068 0.0
8.27068 0.00094
8.27257 0.0
8.27257 0.00094
8.27445 0.0
8.27445 0.00095
8.27634 0.0
8.27634 0.000950000000001
8.27823 0.0
8.27823 0.00094
8.27823 0.00189
8.28012 0.00094
8.28012 0.00189
8.28201 0.00094
8.28201 0.00188
8.28389 0.000950000000001
8.28389 0.00189
8.28578 0.00095
8.28578 0.00189
8.28767 0.00094
8.28767 0.00189
8.28956 0.00094
8.28956 0.00189
8.29145 0.00094
8.29145 0.00188
8.29333 0.000950000000001
8.29333 0.00189
8.29522 0.00095
8.29522 0.00189
8.36321 0.0
8.36321 0.00095
8.3651 0.0
8.3651 0.00094
8.36699 0.0
8.36699 0.00094
8.36888 0.0
8.36888 0.00094
8.37076 0.0
8.37076 0.00095
8.37265 0.0
8.37265 0.00095
8.37454 0.0
8.37454 0.00094
8.37643 0.0
8.37643 0.000940000000002
8.37832 0.0
8.37832 0.00094
8.3802 0.0
8.3802 0.00095
8.38209 0.0
8.38209 0.00095
8.38398 0.0
8.38398 0.00094
8.38587 0.0
8.38587 0.00094
8.38776 0.0
8.38776 0.00094
8.38964 0.0
8.38964 0.00095
8.39153 0.0
8.39153 0.000950000000001
8.39342 0.0
8.39342 0.00094
8.39531 0.0
8.39531 0.00094
8.3972 0.0
8.3972 0.00094
8.46424 0.0
8.46424 0.00095
8.46613 0.0
8.46613 0.00094
8.46802 0.0
8.46802 0.00094
8.46991 0.0
8.46991 0.00094
8.47179 0.0
8.47179 0.00095
8.47368 0.0
8.47368 0.00095
8.47557 0.0
8.47557 0.00094
8.47746 0.0
8.47746 0.00094
8.47935 0.0
8.47935 0.00094
8.48123 0.0
8.48123 0.00095
8.48312 0.0
8.48312 0.00095
8.48501 0.0
8.48501 0.00094
8.4869 0.0
8.4869 0.00094
8.4869 0.00189
8.48879 0.00094
8.48879 0.00188
8.49067 0.00095
8.49067 0.00189
8.49256 0.000950000000001
8.49256 0.00189
8.49445 0.00094
8.49445 0.00189
8.49634 0.00094
8.49634 0.00189
8.49823 0.00094
8.49823 0.00188
8.56527 0.0
8.56527 0.00095
8.56716 0.0
8.56716 0.000950000000001
8.56905 0.0
8.56905 0.00094
8.57094 0.0
8.57094 0.00094
8.57283 0.0
8.57283 0.00094
8.57471 0.0
8.57471 0.00095
8.5766 0.0
8.5766 0.000950000000001
8.57849 0.0
8.57849 0.00094
8.58038 0.0
8.58038 0.00094
8.58227 0.0
8.58227 0.00094
8.58415 0.0
8.58415 0.000950000000001
8.58604 0.0
8.58604 0.00095
8.58793 0.0
8.58793 0.00094
8.58982 0.0
8.58982 0.00094
8.59171 0.0
8.59171 0.00094
8.59359 0.0
8.59359 0.00095
8.59548 0.0
8.59548 0.00095
8.59737 0.0
8.59737 0.00094
8.59926 0.0
8.59926 0.00094
8.60115 0.0
8.60115 0.00094
8.66725 0.0
8.66725 0.00094
8.66914 0.0
8.66914 0.00094
8.67102 0.0
8.67102 0.00095
8.67291 0.0
8.67291 0.00095
8.6748 0.0
8.6748 0.00094
8.67669 0.0
8.67669 0.00094
8.67858 0.0
8.67858 0.00094
8.68046 0.0
8.68046 0.00095
8.68235 0.0
8.68235 0.00095
8.68424 0.0
8.68424 0.00094
8.68613 0.0
8.68613 0.00094
8.68802 0.0
8.68802 0.00094
8.6899 0.0
8.6899 0.00095
8.69179 0.0
8.69179 0.000950000000001
8.69368 0.0
8.69368 0.00094
8.69368 0.00189
8.69557 0.00094
8.69557 0.00189
8.69746 0.00094
8.69746 0.00188
8.69934 0.000950000000001
8.69934 0.00189
8.70123 0.00095
8.70123 0.00189
8.70312 0.00094
8.70312 0.00189
8.76922 0.0
8.76922 0.00095
8.77111 0.0
8.77111 0.00094
8.773 0.0
8.773 0.00094
8.77489 0.0
8.77489 0.00094
8.77677 0.0
8.77677 0.00095
8.77866 0.0
8.77866 0.00095
8.78055 0.0
8.78055 0.00094
8.78244 0.0
8.78244 0.00094
8.78433 0.0
8.78433 0.00094
8.78621 0.0
8.78621 0.00095
8.7881 0.0
8.7881 0.00095
8.78999 0.0
8.78999 0.00094
8.79188 0.0
8.79188 0.00094
8.79377 0.0
8.79377 0.00094
8.79565 0.0
8.79565 0.00095
8.79754 0.0
8.79754 0.00095
8.79943 0.0
8.79943 0.00094
8.80132 0.0
8.80132 0.00094
8.80321 0.0
8.80321 0.00094
8.80509 0.0
8.80509 0.00095
8.87025 0.0
8.87025 0.00095
8.87214 0.0
8.87214 0.00094
8.87403 0.0
8.87403 0.00094
8.87592 0.0
8.87592 0.00094
8.8778 0.0
8.8778 0.00095
8.87969 0.0
8.87969 0.00095
8.88158 0.0
8.88158 0.00094
8.88347 0.0
8.88347 0.00094
8.88536 0.0
8.88536 0.00094
8.88724 0.0
8.88724 0.00095
8.88913 0.0
8.88913 0.00095
8.89102 0.0
8.89102 0.00094
8.89291 0.0
8.89291 0.00094
8.8948 0.0
8.8948 0.00094
8.89668 0.0
8.89668 0.00095
8.89857 0.0
8.89857 0.000950000000001
8.90046 0.0
8.90046 0.00094
8.90235 0.0
8.90235 0.00094
8.90424 0.0
8.90424 0.00094
8.90424 0.00188
8.90612 0.00095
8.90612 0.00189
8.97128 0.0
8.97128 0.00095
8.97317 0.0
8.97317 0.00094
8.97506 0.0
8.97506 0.000940000000002
8.97695 0.0
8.97695 0.00094
8.97883 0.0
8.97883 0.00095
8.98072 0.0
8.98072 0.00095
8.98261 0.0
8.98261 0.00094
8.9845 0.0
8.9845 0.00094
8.98639 0.0
8.98639 0.00094
8.98827 0.0
8.98827 0.00095
8.99016 0.0
8.99016 0.000950000000001
8.99205 0.0
8.99205 0.00094
8.99394 0.0
8.99394 0.00094
8.99583 0.0
8.99583 0.00094
8.99771 0.0
8.99771 0.00095
8.9996 0.0
8.9996 0.000950000000001
9.00149 0.0
9.00149 0.00094
9.00338 0.0
9.00338 0.00094
9.00527 0.0
9.00527 0.00094
9.00715 0.0
9.00715 0.000950000000001
9.00904 0.0
9.00904 0.00095
9.07326 0.0
9.07326 0.00094
9.07515 0.0
9.07515 0.00094
9.07703 0.0
9.07703 0.00095
9.07892 0.0
9.07892 0.00095
9.08081 0.0
9.08081 0.00094
9.0827 0.0
9.0827 0.00094
9.08459 0.0
9.08459 0.00094
9.08647 0.0
9.08647 0.00095
9.08836 0.0
9.08836 0.00095
9.09025 0.0
9.09025 0.00094
9.09214 0.0
9.09214 0.00094
9.09403 0.0
9.09403 0.00094
9.09591 0.0
9.09591 0.00095
9.0978 0.0
9.0978 0.000950000000001
9.09969 0.0
9.09969 0.00094
9.10158 0.0
9.10158 0.00094
9.10347 0.0
9.10347 0.00094
9.10535 0.0
9.10535 0.00095
9.10724 0.0
9.10724 0.000950000000001
9.10913 0.0
9.10913 0.00094
9.11102 0.0
9.11102 0.00094
9.17523 0.0
9.17523 0.00095
9.17712 0.0
9.17712 0.00094
9.17712 0.00189
9.17901 0.00094
9.17901 0.00189
9.1809 0.00094
9.1809 0.00188
9.18278 0.000950000000001
9.18278 0.00189
9.18467 0.00095
9.18467 0.00189
9.18656 0.00094
9.18656 0.00189
9.18845 0.00094
9.18845 0.00189
9.19034 0.00094
9.19034 0.00188
9.19222 0.00095
9.19222 0.00189
9.19411 0.00095
9.19411 0.00189
9.196 0.00094
9.196 0.00189
9.19789 0.00094
9.19789 0.00189
9.19978 0.00094
9.19978 0.00188
9.20166 0.00095
9.20166 0.00189
9.20355 0.00095
9.20355 0.00189
9.20544 0.00094
9.20544 0.00189
9.20733 0.00094
9.20733 0.00189
9.20922 0.00094
9.20922 0.00188
9.2111 0.00095
9.2111 0.00189
9.21299 0.00095
9.21299 0.00189
9.27721 0.0
9.27721 0.00094
9.27909 0.0
9.27909 0.00095
9.28098 0.0
9.28098 0.00095
9.28287 0.0
9.28287 0.00094
9.28476 0.0
9.28476 0.00094
9.28665 0.0
9.28665 0.00094
9.28853 0.0
9.28853 0.00095
9.29042 0.0
9.29042 0.000950000000001
9.29231 0.0
9.29231 0.00094
9.2942 0.0
9.2942 0.00094
9.29609 0.0
9.29609 0.00094
9.29797 0.0
9.29797 0.000950000000001
9.29986 0.0
9.29986 0.00095
9.30175 0.0
9.30175 0.00094
9.30364 0.0
9.30364 0.00094
9.30553 0.0
9.30553 0.00094
9.30741 0.0
9.30741 0.00095
9.3093 0.0
9.3093 0.00095
9.31119 0.0
9.31119 0.00094
9.31308 0.0
9.31308 0.00094
9.31497 0.0
9.31497 0.00094
9.37824 0.0
9.37824 0.00094
9.38012 0.0
9.38012 0.00095
9.38201 0.0
9.38201 0.000950000000001
9.3839 0.0
9.3839 0.00094
9.3839 0.00189
9.38579 0.00094
9.38579 0.00189
9.38768 0.00094
9.38768 0.00188
9.38956 0.000950000000001
9.38956 0.00189
9.39145 0.00095
9.39145 0.00189
9.39334 0.00094
9.39334 0.00189
9.39523 0.00094
9.39523 0.00189
9.39712 0.00094
9.39712 0.00188
9.399 0.000950000000001
9.399 0.00189
9.40089 0.00095
9.40089 0.00189
9.40278 0.00094
9.40278 0.00189
9.40467 0.00094
9.40467 0.00189
9.40656 0.00094
9.40656 0.00188
9.40844 0.00095
9.40844 0.00189
9.41033 0.00095
9.41033 0.00189
9.41222 0.00094
9.41222 0.00189
9.41411 0.00094
9.41411 0.00189
9.416 0.00094
9.416 0.00188
9.47927 0.0
9.47927 0.00094
9.48115 0.0
9.48115 0.000950000000001
9.48304 0.0
9.48304 0.00095
9.48493 0.0
9.48493 0.00094
9.48682 0.0
9.48682 0.00094
9.48871 0.0
9.48871 0.00094
9.49059 0.0
9.49059 0.000950000000001
9.49248 0.0
9.49248 0.00095
9.49437 0.0
9.49437 0.00094
9.49626 0.0
9.49626 0.00094
9.49815 0.0
9.49815 0.00094
9.50003 0.0
9.50003 0.00095
9.50192 0.0
9.50192 0.00095
9.50381 0.0
9.50381 0.00094
9.5057 0.0
9.5057 0.000940000000002
9.50759 0.0
9.50759 0.00094
9.50947 0.0
9.50947 0.00095
9.51136 0.0
9.51136 0.00095
9.51325 0.0
9.51325 0.00094
9.51514 0.0
9.51514 0.00094
9.51703 0.0
9.51703 0.00094
9.51891 0.0
9.51891 0.00095
9.58124 0.0
9.58124 0.000950000000001
9.58313 0.0
9.58313 0.00094
9.58502 0.0
9.58502 0.00094
9.58691 0.0
9.58691 0.00094
9.58879 0.0
9.58879 0.000950000000001
9.59068 0.0
9.59068 0.00095
9.59257 0.0
9.59257 0.00094
9.59257 0.00189
9.59446 0.00094
9.59446 0.00189
9.59635 0.00094
9.59635 0.00188
9.59823 0.000950000000001
9.59823 0.00189
9.60012 0.00095
9.60012 0.00189
9.60201 0.00094
9.60201 0.00189
9.6039 0.00094
9.6039 0.00189
9.60579 0.00094
9.60579 0.00188
9.60767 0.00095
9.60767 0.00189
9.60956 0.00095
9.60956 0.00189
9.61145 0.00094
9.61145 0.00189
9.61334 0.00094
9.61334 0.00189
9.61523 0.00094
9.61523 0.00188
9.61711 0.00095
9.61711 0.00189
9.619 0.00095
9.619 0.00189
9.62089 0.00094
9.62089 0.00189
9.68322 0.0
9.68322 0.00094
9.6851 0.0
9.6851 0.00095
9.68699 0.0
9.68699 0.00095
9.68888 0.0
9.68888 0.00094
9.69077 0.0
9.69077 0.00094
9.69266 0.0
9.69266 0.00094
9.69454 0.0
9.69454 0.00095
9.69643 0.0
9.69643 0.000950000000001
9.69832 0.0
9.69832 0.00094
9.70021 0.0
9.70021 0.00094
9.7021 0.0
9.7021 0.00094
9.70398 0.0
9.70398 0.00095
9.70587 0.0
9.70587 0.00095
9.70776 0.0
9.70776 0.00094
9.70965 0.0
9.70965 0.00094
9.71154 0.0
9.71154 0.00094
9.71342 0.0
9.71342 0.000950000000001
9.71531 0.0
9.71531 0.00095
9.7172 0.0
9.7172 0.00094
9.71909 0.0
9.71909 0.00094
9.72098 0.0
9.72098 0.00094
9.72286 0.0
9.72286 0.00095
9.78425 0.0
9.78425 0.00094
9.78613 0.0
9.78613 0.00095
9.78802 0.0
9.78802 0.000950000000001
9.78991 0.0
9.78991 0.00094
9.7918 0.0
9.7918 0.00094
9.79369 0.0
9.79369 0.00094
9.79557 0.0
9.79557 0.00095
9.79746 0.0
9.79746 0.000950000000001
9.79935 0.0
9.79935 0.00094
9.80124 0.0
9.80124 0.00094
9.80313 0.0
9.80313 0.00094
9.80501 0.0
9.80501 0.000950000000001
9.80501 0.00189
9.8069 0.00095
9.8069 0.00189
9.80879 0.00094
9.80879 0.00189
9.81068 0.00094
9.81068 0.00189
9.81257 0.000940000000002
9.81257 0.00188
9.81445 0.00095
9.81445 0.00189
9.81634 0.00095
9.81634 0.00189
9.81823 0.00094
9.81823 0.00189
9.82012 0.00094
9.82012 0.00189
9.82201 0.00094
9.82201 0.00188
9.82389 0.00095
9.82389 0.00189
9.88528 0.0
9.88528 0.00094
9.88716 0.0
9.88716 0.00095
9.88905 0.0
9.88905 0.000950000000001
9.89094 0.0
9.89094 0.00094
9.89283 0.0
9.89283 0.00094
9.89472 0.0
9.89472 0.00094
9.8966 0.0
9.8966 0.000950000000001
9.89849 0.0
9.89849 0.00095
9.90038 0.0
9.90038 0.00094
9.90227 0.0
9.90227 0.00094
9.90416 0.0
9.90416 0.00094
9.90604 0.0
9.90604 0.00095
9.90793 0.0
9.90793 0.00095
9.90982 0.0
9.90982 0.00094
9.91171 0.0
9.91171 0.00094
9.9136 0.0
9.9136 0.00094
9.91548 0.0
9.91548 0.00095
9.91737 0.0
9.91737 0.00095
9.91926 0.0
9.91926 0.00094
9.92115 0.0
9.92115 0.00094
9.92304 0.0
9.92304 0.00094
9.92492 0.0
9.92492 0.00095
9.92681 0.0
9.92681 0.00095
9.98725 0.0
9.98725 0.00094
9.98914 0.0
9.98914 0.00094
9.99103 0.0
9.99103 0.00094
9.99291 0.0
9.99291 0.00095
9.9948 0.0
9.9948 0.00095
9.99669 0.0
9.99669 0.00094
9.99858 0.0
9.99858 0.00094
