1 1
1 0
1.10019 1
1.10019 0
1.10019 1
1.10027 0
1.2013 1
1.2013 0
1.2013 1
1.20225 0
1.30328 1
1.30328 0
1.30328 1
1.30328 2
1.30422 1
1.30516 0
1.40525 1
1.40525 0
1.40525 1
1.40525 2
1.4062 1
1.40714 0
1.50628 1
1.50628 0
1.50628 1
1.50628 2
1.50723 1
1.50817 2
1.50817 3
1.50817 4
1.50817 3
1.50911 2
1.51006 1
1.511 0
1.60826 1
1.60826 0
1.60826 1
1.60826 2
1.6092 1
1.61014 2
1.61014 3
1.61014 4
1.61014 3
1.61109 2
1.61203 3
1.61203 4
1.61203 5
1.61203 4
1.61298 3
1.61392 2
1.61486 1
1.61581 0
1.71023 1
1.71023 0
1.71023 1
1.71023 2
1.71117 1
1.71212 2
1.71212 3
1.71212 4
1.71212 3
1.71306 2
1.71401 3
1.71401 4
1.71401 5
1.71401 4
1.71495 3
1.71589 4
1.71589 5
1.71589 6
1.71589 5
1.71684 4
1.71778 3
1.71873 2
1.71967 1
1.72061 0
1.81126 1
1.81126 0
1.81126 1
1.81126 2
1.8122 1
1.81315 2
1.81315 3
1.81315 4
1.81315 3
1.81409 2
1.81504 3
1.81504 4
1.81504 5
1.81504 4
1.81598 3
1.81692 4
1.81692 5
1.81692 6
1.81692 5
1.81787 4
1.81881 5
1.81881 6
1.81881 7
1.81881 6
1.81976 5
1.8207 6
1.8207 7
1.8207 8
1.8207 7
1.82164 6
1.82259 5
1.82353 4
1.82448 3
1.82542 2
1.82636 1
1.82731 0
1.91229 1
1.91229 0
1.91229 1
1.91229 2
1.91324 1
1.91418 2
1.91418 3
1.91418 4
1.91418 3
1.91512 2
1.91607 3
1.91607 4
1.91607 5
1.91607 4
1.91701 3
1.91796 4
1.91796 5
1.91796 6
1.91796 5
1.9189 4
1.91984 5
1.91984 6
1.91984 7
1.91984 6
1.92079 5
1.92173 6
1.92173 7
1.92173 8
1.92173 7
1.92268 6
1.92362 7
1.92362 8
1.92362 9
1.92362 8
1.92456 7
1.92551 8
1.92551 9
1.92551 10
1.92551 9
1.92645 8
1.9274 9
1.9274 10
1.9274 9
1.9274 10
1.92834 9
1.92928 8
1.93023 7
1.93117 6
1.93212 5
1.93306 4
1.934 3
1.93495 2
1.93589 1
1.93684 0
2.01332 1
2.01332 0
2.01332 1
2.01332 2
2.01427 1
2.01521 2
2.01521 3
2.01521 4
2.01521 3
2.01615 2
2.0171 3
2.0171 4
2.0171 5
2.0171 4
2.01804 3
2.01899 4
2.01899 5
2.01899 6
2.01899 5
2.01993 4
2.02087 5
2.02087 6
2.02087 7
2.02087 6
2.02182 5
2.02276 6
2.02276 7
2.02276 8
2.02276 7
2.02371 6
2.02465 7
2.02465 8
2.02465 9
2.02465 8
2.02559 7
2.02654 8
2.02654 9
2.02654 10
2.02654 9
2.02748 8
2.02843 9
2.02843 10
2.02843 9
2.02843 10
2.02937 9
2.03031 10
2.03031 9
2.03031 10
2.03126 9
2.03126 10
2.0322 9
2.0322 10
2.03315 9
2.03315 10
2.03409 9
2.03409 10
2.03503 9
2.03503 10
2.03598 9
2.03598 10
2.03692 9
2.03692 10
2.03787 9
2.03787 10
2.03881 9
2.03881 10
2.03975 9
2.03975 10
2.0407 9
2.0407 10
2.04164 9
2.04164 10
2.04259 9
2.04259 10
2.04353 9
2.04447 8
2.04542 7
2.04636 6
2.04731 5
2.04825 4
2.04919 3
2.05014 2
2.05108 1
2.05203 0
2.1153 1
2.1153 0
2.1153 1
2.1153 2
2.11624 1
2.11718 2
2.11718 3
2.11718 4
2.11718 3
2.11813 2
2.11907 3
2.11907 4
2.11907 5
2.11907 4
2.12002 3
2.12096 4
2.12096 5
2.12096 6
2.12096 5
2.1219 4
2.12285 5
2.12285 6
2.12285 7
2.12285 6
2.12379 5
2.12474 6
2.12474 7
2.12474 8
2.12474 7
2.12568 6
2.12662 7
2.12662 8
2.12662 9
2.12662 8
2.12757 7
2.12851 8
2.12851 9
2.12851 10
2.12851 9
2.12946 8
2.1304 9
2.1304 10
2.1304 9
2.1304 10
2.13134 9
2.13229 10
2.13229 9
2.13229 10
2.13323 9
2.13323 10
2.13418 9
2.13418 10
2.13512 9
2.13512 10
2.13606 9
2.13606 10
2.13701 9
2.13701 10
2.13795 9
2.13795 10
2.1389 9
2.1389 10
2.13984 9
2.13984 10
2.14078 9
2.14078 10
2.14173 9
2.14173 10
2.14267 9
2.14267 10
2.14362 9
2.14362 10
2.14456 9
2.14456 10
2.1455 9
2.1455 10
2.14645 9
2.14645 10
2.14739 9
2.14739 10
2.14834 9
2.14834 10
2.14928 9
2.14928 10
2.15022 9
2.15022 10
2.15117 9
2.15117 10
2.15211 9
2.15211 10
2.15306 9
2.15306 10
2.154 9
2.154 10
2.15494 9
2.15494 10
2.15589 9
2.15589 10
2.15683 9
2.15683 10
2.15778 9
2.15778 10
2.15872 9
2.15872 10
2.15966 9
2.15966 10
2.16061 9
2.16061 10
2.16155 9
2.16155 10
2.1625 9
2.16344 8
2.16438 7
2.16533 6
2.16627 5
2.16722 4
2.16816 3
2.1691 2
2.17005 1
2.17099 0
2.21727 1
2.21727 0
2.21727 1
2.21727 2
2.21821 1
2.21916 2
2.21916 3
2.21916 4
2.21916 3
2.2201 2
2.22105 3
2.22105 4
2.22105 5
2.22105 4
2.22199 3
2.22293 4
2.22293 5
2.22293 6
2.22293 5
2.22388 4
2.22482 5
2.22482 6
2.22482 7
2.22482 6
2.22577 5
2.22671 6
2.22671 7
2.22671 8
2.22671 7
2.22765 6
2.2286 7
2.2286 8
2.2286 9
2.2286 8
2.22954 7
2.23049 8
2.23049 9
2.23049 10
2.23049 9
2.23143 8
2.23237 9
2.23237 10
2.23237 9
2.23237 10
2.23332 9
2.23426 10
2.23426 9
2.23426 10
2.23521 9
2.23521 10
2.23615 9
2.23615 10
2.23709 9
2.23709 10
2.23804 9
2.23804 10
2.23898 9
2.23898 10
2.23993 9
2.23993 10
2.24087 9
2.24087 10
2.24181 9
2.24181 10
2.24276 9
2.24276 10
2.2437 9
2.2437 10
2.24465 9
2.24465 10
2.24559 9
2.24559 10
2.24653 9
2.24653 10
2.24748 9
2.24748 10
2.24842 9
2.24842 10
2.24937 9
2.24937 10
2.25031 9
2.25031 10
2.25125 9
2.25125 10
2.2522 9
2.2522 10
2.25314 9
2.25314 10
2.25409 9
2.25409 10
2.25503 9
2.25503 10
2.25597 9
2.25597 10
2.25692 9
2.25692 10
2.25786 9
2.25786 10
2.25881 9
2.25881 10
2.25975 9
2.25975 10
2.26069 9
2.26069 10
2.26164 9
2.26164 10
2.26258 9
2.26258 10
2.26353 9
2.26353 10
2.26447 9
2.26447 10
2.26541 9
2.26541 10
2.26636 9
2.26636 10
2.2673 9
2.2673 10
2.26825 9
2.26825 10
2.26919 9
2.26919 10
2.27013 9
2.27013 10
2.27108 9
2.27108 10
2.27202 9
2.27202 10
2.27297 9
2.27297 10
2.27391 9
2.27391 10
2.27485 9
2.27485 10
2.2758 9
2.2758 10
2.27674 9
2.27674 10
2.27769 9
2.27769 10
2.27863 9
2.27863 10
2.27957 9
2.27957 10
2.28052 9
2.28146 8
2.28241 7
2.28335 6
2.28429 5
2.28524 4
2.28618 3
2.28713 2
2.28807 1
2.28901 0
2.35893 1
2.35893 0
2.35988 1
2.35988 0
2.36082 1
2.36082 0
2.36176 1
2.36176 0
2.36271 1
2.36271 0
2.36365 1
2.36365 0
2.3646 1
2.3646 0
2.36554 1
2.36554 0
2.36648 1
2.36648 0
2.36743 1
2.36743 0
2.36837 1
2.36837 0
2.36932 1
2.36932 0
2.37026 1
2.37026 0
2.3712 1
2.3712 0
2.37215 1
2.37215 0
2.37309 1
2.37309 2
2.37309 1
2.37404 2
2.37404 1
2.37498 2
2.37498 3
2.37498 2
2.37592 3
2.37592 2
2.37687 3
2.37687 4
2.37687 3
2.37781 4
2.37781 3
2.37876 4
2.37876 5
2.37876 4
2.3797 5
2.3797 4
2.38064 5
2.38064 6
2.38064 5
2.38159 6
2.38159 5
2.38253 6
2.38253 7
2.38253 6
2.38348 7
2.38348 6
2.38442 7
2.38442 8
2.38442 7
2.38536 8
2.38536 7
2.38631 8
2.38631 9
2.38631 8
2.38725 9
2.38725 8
2.3882 9
2.3882 10
2.3882 9
2.38914 10
2.38914 9
2.39008 10
2.39008 9
2.39008 10
2.39103 9
2.39197 8
2.39292 7
2.39386 6
2.3948 5
2.39575 4
2.39669 3
2.39764 2
2.39858 1
2.39952 0
2.46 1
2.46 0
2.46 1
2.46094 2
2.46094 3
2.46094 2
2.46189 3
2.46189 4
2.46189 3
2.46283 4
2.46283 3
2.46378 4
2.46378 3
2.46472 4
2.46472 3
2.46566 4
2.46566 3
2.46661 4
2.46661 3
2.46755 4
2.46755 3
2.4685 4
2.4685 3
2.46944 4
2.46944 3
2.47038 4
2.47038 3
2.47133 4
2.47133 3
2.47227 4
2.47227 3
2.47322 4
2.47322 3
2.47416 4
2.47416 5
2.47416 4
2.4751 5
2.4751 4
2.47605 5
2.47605 4
2.47699 5
2.47699 6
2.47699 5
2.47794 6
2.47794 5
2.47888 6
2.47888 5
2.47982 6
2.47982 7
2.47982 6
2.48077 7
2.48077 6
2.48171 7
2.48171 6
2.48266 7
2.48266 8
2.48266 7
2.4836 8
2.4836 7
2.48454 8
2.48454 7
2.48549 8
2.48549 9
2.48549 8
2.48643 9
2.48643 8
2.48738 9
2.48738 8
2.48832 9
2.48832 10
2.48832 9
2.48926 10
2.48926 9
2.49021 10
2.49021 9
2.49115 10
2.49115 9
2.49115 10
2.4921 9
2.4921 10
2.49304 9
2.49304 10
2.49398 9
2.49398 10
2.49493 9
2.49493 10
2.49587 9
2.49587 10
2.49682 9
2.49682 10
2.49776 9
2.49776 10
2.4987 9
2.4987 10
2.49965 9
2.49965 10
2.50059 9
2.50059 10
2.50154 9
2.50154 10
2.50248 9
2.50342 8
2.50437 7
2.50531 6
2.50626 5
2.5072 4
2.50814 3
2.50909 2
2.51003 1
2.51098 0
2.56199 1
2.56199 0
2.56388 1
2.56388 0
2.56481 1
2.56482 0
2.56669 1
2.56669 0
2.56669 1
2.56764 0
2.56858 1
2.56858 2
2.56858 1
2.56953 0
2.57047 1
2.57047 2
2.57047 1
2.57141 0
2.57236 1
2.57236 2
2.57236 1
2.5733 0
2.57425 1
2.57425 2
2.57425 1
2.57519 0
2.57613 1
2.57613 2
2.57613 1
2.57708 0
2.57802 1
2.57802 0
2.57991 1
2.57991 0
2.57991 1
2.58085 0
2.5818 1
2.5818 0
2.58369 1
2.58369 0
2.58369 1
2.58463 0
2.58557 1
2.58557 0
2.58746 1
2.58746 0
2.58746 1
2.58841 0
2.58935 1
2.58935 0
2.59124 1
2.59124 0
2.59124 1
2.59218 0
2.59313 1
2.59313 0
2.59501 1
2.59501 0
2.59501 1
2.59596 0
2.5969 1
2.5969 0
2.59879 1
2.59879 0
2.59879 1
2.59973 0
2.60068 1
2.60068 0
2.60257 1
2.60257 0
2.60257 1
2.60351 0
2.60445 1
2.60445 0
2.60634 1
2.60634 0
2.60634 1
2.60729 0
2.60823 1
2.60823 2
2.60823 1
2.60917 0
2.61012 1
2.61012 2
2.61012 1
2.61106 0
2.61201 1
2.61201 2
2.61201 1
2.61295 0
2.66491 1
2.66491 0
2.66491 1
2.66585 0
2.66772 1
2.66772 0
2.66772 1
2.66867 0
2.66961 1
2.66961 2
2.66961 1
2.67056 0
2.6715 1
2.6715 2
2.6715 1
2.67244 0
2.67339 1
2.67339 2
2.67339 1
2.67433 0
2.67528 1
2.67528 2
2.67528 1
2.67622 0
2.67716 1
2.67716 2
2.67716 1
2.67811 0
2.67905 1
2.67905 2
2.67905 1
2.68 0
2.68188 1
2.68188 0
2.68188 1
2.68283 0
2.68472 1
2.68472 0
2.68472 1
2.68566 0
2.6866 1
2.6866 2
2.6866 1
2.68755 0
2.68944 1
2.68944 0
2.68944 1
2.69038 0
2.69227 1
2.69227 0
2.69227 1
2.69321 0
2.69416 1
2.69416 2
2.69416 1
2.6951 0
2.69699 1
2.69699 0
2.69699 1
2.69793 0
2.69982 1
2.69982 0
2.69982 1
2.70076 0
2.70171 1
2.70171 2
2.70171 1
2.70265 0
2.70454 1
2.70454 0
2.70454 1
2.70548 0
2.70737 1
2.70737 0
2.70737 1
2.70832 0
2.70926 1
2.70926 2
2.70926 1
2.7102 0
2.71115 1
2.71115 2
2.71115 1
2.71209 0
2.71304 1
2.71304 2
2.71304 1
2.71398 0
2.76594 1
2.76594 0
2.76594 1
2.76688 0
2.76876 1
2.76876 0
2.76876 1
2.7697 0
2.77064 1
2.77064 2
2.77064 1
2.77159 0
2.77253 1
2.77253 2
2.77253 1
2.77348 0
2.77442 1
2.77442 2
2.77442 1
2.77536 0
2.77631 1
2.77631 2
2.77631 1
2.77725 0
2.7782 1
2.7782 2
2.7782 1
2.77914 0
2.78008 1
2.78008 2
2.78008 1
2.78103 0
2.78292 1
2.78292 0
2.78292 1
2.78386 0
2.78575 1
2.78575 0
2.78575 1
2.78669 0
2.78764 1
2.78764 2
2.78764 1
2.78858 0
2.79047 1
2.79047 0
2.79047 1
2.79141 0
2.7933 1
2.7933 0
2.7933 1
2.79424 0
2.79519 1
2.79519 2
2.79519 1
2.79613 0
2.79802 1
2.79802 0
2.79802 1
2.79896 0
2.80085 1
2.80085 0
2.80085 1
2.8018 0
2.80274 1
2.80274 2
2.80274 1
2.80368 0
2.80557 1
2.80557 0
2.80557 1
2.80652 0
2.8084 1
2.8084 0
2.8084 1
2.80935 0
2.81029 1
2.81029 2
2.81029 1
2.81124 0
2.81218 1
2.81218 2
2.81218 1
2.81312 0
2.81407 1
2.81407 2
2.81407 1
2.81501 0
2.86697 1
2.86697 0
2.86697 1
2.86791 0
2.86979 1
2.86979 0
2.86979 1
2.87073 0
2.87167 1
2.87167 2
2.87167 3
2.87167 2
2.87262 1
2.87356 2
2.87356 3
2.87356 2
2.87451 1
2.87545 2
2.87545 3
2.87545 2
2.87639 1
2.87734 2
2.87734 3
2.87734 2
2.87828 1
2.87923 2
2.87923 3
2.87923 2
2.88017 1
2.88111 2
2.88111 3
2.88111 2
2.88206 1
2.883 0
2.88395 1
2.88395 2
2.88395 1
2.88489 0
2.88678 1
2.88678 0
2.88678 1
2.88772 0
2.88867 1
2.88867 2
2.88867 1
2.88961 0
2.8915 1
2.8915 0
2.8915 1
2.89244 0
2.89433 1
2.89433 0
2.89433 1
2.89527 0
2.89622 1
2.89622 2
2.89622 1
2.89716 0
2.89905 1
2.89905 0
2.89905 1
2.89999 0
2.90188 1
2.90188 0
2.90188 1
2.90283 0
2.90377 1
2.90377 2
2.90377 1
2.90471 0
2.9066 1
2.9066 0
2.9066 1
2.90755 0
2.90943 1
2.90943 0
2.90943 1
2.91038 0
2.91132 1
2.91132 2
2.91132 1
2.91227 0
2.91321 1
2.91321 2
2.91321 1
2.91415 0
2.9151 1
2.9151 2
2.9151 1
2.91604 0
2.968 1
2.968 0
2.968 1
2.96894 0
2.97082 1
2.97082 0
2.97082 1
2.97176 0
2.9727 1
2.9727 2
2.9727 1
2.97365 0
2.97459 1
2.97459 2
2.97459 1
2.97554 0
2.97648 1
2.97648 2
2.97648 1
2.97742 0
2.97837 1
2.97837 2
2.97837 1
2.97931 0
2.98026 1
2.98026 2
2.98026 1
2.9812 0
2.98214 1
2.98214 2
2.98214 1
2.98309 0
2.98403 1
2.98403 2
2.98403 1
2.98498 0
2.98592 1
2.98592 2
2.98592 1
2.98686 0
2.98875 1
2.98875 0
2.98875 1
2.9897 0
2.99064 1
2.99064 2
2.99064 1
2.99158 0
2.99347 1
2.99347 0
2.99347 1
2.99442 0
2.9963 1
2.9963 0
2.9963 1
2.99725 0
2.99819 1
2.99819 2
2.99819 1
2.99914 0
3.00102 1
3.00102 0
3.00102 1
3.00197 0
3.00386 1
3.00386 0
3.00386 1
3.0048 0
3.00574 1
3.00574 2
3.00574 1
3.00669 0
3.00858 1
3.00858 0
3.00858 1
3.00952 0
3.01141 1
3.01141 0
3.01141 1
3.01235 0
3.0133 1
3.0133 2
3.0133 1
3.01424 0
3.01518 1
3.01518 2
3.01518 1
3.01613 0
3.01707 1
3.01707 2
3.01707 1
3.01802 0
3.06997 1
3.06997 0
3.06997 1
3.07092 0
3.07279 1
3.07279 0
3.07279 1
3.07373 0
3.07468 1
3.07468 2
3.07468 1
3.07562 0
3.07657 1
3.07657 2
3.07657 1
3.07751 0
3.07845 1
3.07845 2
3.07845 1
3.0794 0
3.08034 1
3.08034 2
3.08034 1
3.08129 0
3.08223 1
3.08223 2
3.08223 3
3.08223 2
3.08317 1
3.08412 2
3.08412 3
3.08412 2
3.08506 1
3.08601 2
3.08601 3
3.08601 2
3.08695 1
3.08789 2
3.08789 3
3.08789 2
3.08884 1
3.08978 0
3.09073 1
3.09073 2
3.09073 1
3.09167 0
3.09261 1
3.09261 2
3.09261 1
3.09356 0
3.09545 1
3.09545 0
3.09545 1
3.09639 0
3.09828 1
3.09828 0
3.09828 1
3.09922 0
3.10017 1
3.10017 2
3.10017 1
3.10111 0
3.103 1
3.103 0
3.103 1
3.10394 0
3.10583 1
3.10583 0
3.10583 1
3.10677 0
3.10772 1
3.10772 2
3.10772 1
3.10866 0
3.11055 1
3.11055 0
3.11055 1
3.11149 0
3.11338 1
3.11338 0
3.11338 1
3.11433 0
3.11527 1
3.11527 2
3.11527 1
3.11621 0
3.11716 1
3.11716 2
3.11716 1
3.1181 0
3.11905 1
3.11905 2
3.11905 1
3.11999 0
3.17195 1
3.17195 0
3.17195 1
3.17289 0
3.17476 1
3.17476 0
3.17476 1
3.17571 0
3.17665 1
3.17665 2
3.17665 1
3.1776 0
3.17854 1
3.17854 2
3.17854 1
3.17948 0
3.18043 1
3.18043 2
3.18043 1
3.18137 0
3.18232 1
3.18232 2
3.18232 1
3.18326 0
3.1842 1
3.1842 2
3.1842 1
3.18515 0
3.18609 1
3.18609 2
3.18609 1
3.18704 0
3.18798 1
3.18798 2
3.18798 1
3.18892 0
3.18987 1
3.18987 2
3.18987 1
3.19081 0
3.19176 1
3.19176 2
3.19176 1
3.1927 0
3.19364 1
3.19364 2
3.19364 1
3.19459 0
3.19648 1
3.19648 0
3.19648 1
3.19742 0
3.19931 1
3.19931 0
3.19931 1
3.20025 0
3.2012 1
3.2012 2
3.2012 1
3.20214 0
3.20403 1
3.20403 0
3.20403 1
3.20497 0
3.20686 1
3.20686 0
3.20686 1
3.2078 0
3.20875 1
3.20875 2
3.20875 1
3.20969 0
3.21158 1
3.21158 0
3.21158 1
3.21252 0
3.21441 1
3.21441 0
3.21441 1
3.21536 0
3.2163 1
3.2163 2
3.2163 1
3.21724 0
3.21819 1
3.21819 2
3.21819 1
3.21913 0
3.22008 1
3.22008 2
3.22008 1
3.22102 0
3.27298 1
3.27298 0
3.27298 1
3.27392 0
3.2758 1
3.2758 0
3.2758 1
3.27674 0
3.27768 1
3.27768 2
3.27768 1
3.27863 0
3.27957 1
3.27957 2
3.27957 1
3.28052 0
3.28146 1
3.28146 2
3.28146 1
3.2824 0
3.28335 1
3.28335 2
3.28335 1
3.28429 0
3.28524 1
3.28524 2
3.28524 1
3.28618 0
3.28712 1
3.28712 2
3.28712 1
3.28807 0
3.28901 1
3.28901 2
3.28901 3
3.28901 2
3.28996 1
3.2909 2
3.2909 3
3.2909 2
3.29184 1
3.29279 2
3.29279 3
3.29279 2
3.29373 1
3.29468 2
3.29468 3
3.29468 2
3.29562 1
3.29656 0
3.29751 1
3.29751 2
3.29751 1
3.29845 0
3.30034 1
3.30034 0
3.30034 1
3.30128 0
3.30223 1
3.30223 2
3.30223 1
3.30317 0
3.30506 1
3.30506 0
3.30506 1
3.306 0
3.30789 1
3.30789 0
3.30789 1
3.30884 0
3.30978 1
3.30978 2
3.30978 1
3.31072 0
3.31261 1
3.31261 0
3.31261 1
3.31356 0
3.31544 1
3.31544 0
3.31544 1
3.31639 0
3.31733 1
3.31733 2
3.31733 1
3.31828 0
3.31922 1
3.31922 2
3.31922 1
3.32016 0
3.32111 1
3.32111 2
3.32111 1
3.32205 0
3.37401 1
3.37401 0
3.37401 1
3.37495 0
3.37683 1
3.37683 0
3.37683 1
3.37777 0
3.37871 1
3.37871 2
3.37871 1
3.37966 0
3.3806 1
3.3806 2
3.3806 1
3.38155 0
3.38249 1
3.38249 2
3.38249 1
3.38343 0
3.38438 1
3.38438 2
3.38438 1
3.38532 0
3.38627 1
3.38627 2
3.38627 1
3.38721 0
3.38815 1
3.38815 2
3.38815 1
3.3891 0
3.39004 1
3.39004 2
3.39004 1
3.39099 0
3.39193 1
3.39193 2
3.39193 1
3.39287 0
3.39382 1
3.39382 2
3.39382 1
3.39476 0
3.39571 1
3.39571 2
3.39571 1
3.39665 0
3.39759 1
3.39759 2
3.39759 1
3.39854 0
3.39948 1
3.39948 2
3.39948 1
3.40043 0
3.40231 1
3.40231 0
3.40231 1
3.40326 0
3.4042 1
3.4042 2
3.4042 1
3.40515 0
3.40703 1
3.40703 0
3.40703 1
3.40798 0
3.40987 1
3.40987 0
3.40987 1
3.41081 0
3.41175 1
3.41175 2
3.41175 1
3.4127 0
3.41459 1
3.41459 0
3.41459 1
3.41553 0
3.41742 1
3.41742 0
3.41742 1
3.41836 0
3.41931 1
3.41931 2
3.41931 1
3.42025 0
3.42119 1
3.42119 2
3.42119 1
3.42214 0
3.42308 1
3.42308 2
3.42308 1
3.42403 0
3.47598 1
3.47598 0
3.47598 1
3.47692 0
3.4788 1
3.4788 0
3.4788 1
3.47974 0
3.48069 1
3.48069 2
3.48069 1
3.48163 0
3.48258 1
3.48258 2
3.48258 1
3.48352 0
3.48446 1
3.48446 2
3.48446 1
3.48541 0
3.48635 1
3.48635 2
3.48635 1
3.4873 0
3.48824 1
3.48824 2
3.48824 1
3.48918 0
3.49013 1
3.49013 2
3.49013 1
3.49107 0
3.49202 1
3.49202 2
3.49202 1
3.49296 0
3.4939 1
3.4939 2
3.4939 1
3.49485 0
3.49579 1
3.49579 2
3.49579 1
3.49674 0
3.49768 1
3.49768 2
3.49768 3
3.49768 2
3.49862 1
3.49957 2
3.49957 3
3.49957 2
3.50051 1
3.50146 2
3.50146 3
3.50146 2
3.5024 1
3.50334 0
3.50429 1
3.50429 2
3.50429 1
3.50523 0
3.50618 1
3.50618 2
3.50618 1
3.50712 0
3.50901 1
3.50901 0
3.50901 1
3.50995 0
3.51184 1
3.51184 0
3.51184 1
3.51278 0
3.51373 1
3.51373 2
3.51373 1
3.51467 0
3.51656 1
3.51656 0
3.51656 1
3.5175 0
3.51939 1
3.51939 0
3.51939 1
3.52034 0
3.52128 1
3.52128 2
3.52128 1
3.52222 0
3.52317 1
3.52317 2
3.52317 1
3.52411 0
3.52506 1
3.52506 2
3.52506 1
3.526 0
3.57796 1
3.57796 0
3.57796 1
3.5789 0
3.58077 1
3.58077 0
3.58077 1
3.58172 0
3.58266 1
3.58266 2
3.58266 1
3.58361 0
3.58455 1
3.58455 2
3.58455 1
3.58549 0
3.58644 1
3.58644 2
3.58644 1
3.58738 0
3.58833 1
3.58833 2
3.58833 1
3.58927 0
3.59021 1
3.59021 2
3.59021 1
3.59116 0
3.5921 1
3.5921 2
3.5921 1
3.59305 0
3.59399 1
3.59399 2
3.59399 1
3.59493 0
3.59588 1
3.59588 2
3.59588 1
3.59682 0
3.59777 1
3.59777 2
3.59777 1
3.59871 0
3.59965 1
3.59965 2
3.59965 1
3.6006 0
3.60154 1
3.60154 2
3.60154 1
3.60249 0
3.60343 1
3.60343 2
3.60343 1
3.60437 0
3.60532 1
3.60532 2
3.60532 1
3.60626 0
3.60721 1
3.60721 2
3.60721 1
3.60815 0
3.61004 1
3.61004 0
3.61004 1
3.61098 0
3.61287 1
3.61287 0
3.61287 1
3.61381 0
3.61476 1
3.61476 2
3.61476 1
3.6157 0
3.61759 1
3.61759 0
3.61759 1
3.61853 0
3.62042 1
3.62042 0
3.62042 1
3.62137 0
3.62231 1
3.62231 2
3.62231 1
3.62325 0
3.6242 1
3.6242 2
3.6242 1
3.62514 0
3.62609 1
3.62609 2
3.62609 1
3.62703 0
3.67899 1
3.67899 0
3.67899 1
3.67993 0
3.6818 1
3.6818 0
3.6818 1
3.68275 0
3.68369 1
3.68369 2
3.68369 1
3.68464 0
3.68558 1
3.68558 2
3.68558 1
3.68652 0
3.68747 1
3.68747 2
3.68747 1
3.68841 0
3.68936 1
3.68936 2
3.68936 1
3.6903 0
3.69124 1
3.69124 2
3.69124 1
3.69219 0
3.69313 1
3.69313 2
3.69313 1
3.69408 0
3.69502 1
3.69502 2
3.69502 1
3.69596 0
3.69691 1
3.69691 2
3.69691 1
3.69785 0
3.6988 1
3.6988 2
3.6988 1
3.69974 0
3.70068 1
3.70068 2
3.70068 1
3.70163 0
3.70257 1
3.70257 2
3.70257 1
3.70352 0
3.70446 1
3.70446 2
3.70446 1
3.7054 0
3.70635 1
3.70635 2
3.70635 1
3.70729 0
3.70824 1
3.70824 2
3.70824 1
3.70918 0
3.71107 1
3.71107 0
3.71107 1
3.71201 0
3.7139 1
3.7139 0
3.7139 1
3.7139 2
3.71484 1
3.71579 2
3.71579 3
3.71579 2
3.71673 1
3.71768 0
3.71862 1
3.71862 2
3.71862 1
3.71956 0
3.72145 1
3.72145 0
3.72145 1
3.7224 0
3.72334 1
3.72334 2
3.72334 1
3.72428 0
3.72523 1
3.72523 2
3.72523 1
3.72617 0
3.72712 1
3.72712 2
3.72712 1
3.72806 0
3.78002 1
3.78002 0
3.78002 1
3.78096 0
3.78284 1
3.78284 0
3.78284 1
3.78378 0
3.78472 1
3.78472 2
3.78472 1
3.78567 0
3.78661 1
3.78661 2
3.78661 1
3.78756 0
3.7885 1
3.7885 2
3.7885 1
3.78944 0
3.79039 1
3.79039 2
3.79039 1
3.79133 0
3.79228 1
3.79228 2
3.79228 1
3.79322 0
3.79416 1
3.79416 2
3.79416 1
3.79511 0
3.79605 1
3.79605 2
3.79605 1
3.797 0
3.79794 1
3.79794 2
3.79794 1
3.79888 0
3.79983 1
3.79983 2
3.79983 1
3.80077 0
3.80172 1
3.80172 2
3.80172 1
3.80266 0
3.8036 1
3.8036 2
3.8036 1
3.80455 0
3.80549 1
3.80549 2
3.80549 1
3.80644 0
3.80738 1
3.80738 2
3.80738 1
3.80832 0
3.80927 1
3.80927 2
3.80927 1
3.81021 0
3.8121 1
3.8121 0
3.8121 1
3.81304 0
3.81493 1
3.81493 0
3.81493 1
3.81588 0
3.81682 1
3.81682 2
3.81682 1
3.81776 0
3.81871 1
3.81871 2
3.81871 1
3.81965 0
3.8206 1
3.8206 2
3.8206 1
3.82154 0
3.82343 1
3.82343 0
3.82343 1
3.82437 0
3.82532 1
3.82532 2
3.82532 1
3.82626 0
3.8272 1
3.8272 2
3.8272 1
3.82815 0
3.82909 1
3.82909 2
3.82909 1
3.83004 0
3.88199 1
3.88199 0
3.88199 1
3.88293 0
3.88481 1
3.88481 0
3.88481 1
3.88575 0
3.8867 1
3.8867 2
3.8867 1
3.88764 0
3.88859 1
3.88859 2
3.88859 1
3.88953 0
3.89047 1
3.89047 2
3.89047 1
3.89142 0
3.89236 1
3.89236 2
3.89236 1
3.89331 0
3.89425 1
3.89425 2
3.89425 1
3.89519 0
3.89614 1
3.89614 2
3.89614 1
3.89708 0
3.89803 1
3.89803 2
3.89803 1
3.89897 0
3.89991 1
3.89991 2
3.89991 1
3.90086 0
3.9018 1
3.9018 2
3.9018 1
3.90275 0
3.90369 1
3.90369 2
3.90369 1
3.90463 0
3.90558 1
3.90558 2
3.90558 1
3.90652 0
3.90747 1
3.90747 2
3.90747 1
3.90841 0
3.90935 1
3.90935 2
3.90935 1
3.9103 0
3.91124 1
3.91124 2
3.91124 1
3.91219 0
3.91407 1
3.91407 0
3.91407 1
3.91502 0
3.91691 1
3.91691 0
3.91691 1
3.91785 0
3.91879 1
3.91879 2
3.91879 1
3.91974 0
3.92068 1
3.92068 2
3.92068 1
3.92163 0
3.92257 1
3.92257 2
3.92257 1
3.92351 0
3.9254 1
3.9254 0
3.9254 1
3.9254 2
3.92635 1
3.92729 2
3.92729 3
3.92729 2
3.92823 1
3.92918 2
3.92918 3
3.92918 2
3.93012 1
3.93107 2
3.93107 3
3.93107 2
3.93201 1
3.93295 0
3.98396 1
3.98396 0
3.98396 1
3.98491 0
3.98678 1
3.98678 0
3.98678 1
3.98773 0
3.98867 1
3.98867 2
3.98867 1
3.98962 0
3.99056 1
3.99056 2
3.99056 1
3.9915 0
3.99245 1
3.99245 2
3.99245 1
3.99339 0
3.99434 1
3.99434 2
3.99434 1
3.99528 0
3.99622 1
3.99622 2
3.99622 1
3.99717 0
3.99811 1
3.99811 2
3.99811 1
3.99906 0
4 1
4 2
4 1
4.00094 0
4.00189 1
4.00189 2
4.00189 1
4.00283 0
4.00378 1
4.00378 2
4.00378 1
4.00472 0
4.00566 1
4.00566 2
4.00566 1
4.00661 0
4.00755 1
4.00755 2
4.00755 1
4.0085 0
4.00944 1
4.00944 2
4.00944 1
4.01038 0
4.01133 1
4.01133 2
4.01133 1
4.01227 0
4.01322 1
4.01322 2
4.01322 1
4.01416 0
4.01605 1
4.01605 0
4.01605 1
4.01699 0
4.01888 1
4.01888 0
4.01888 1
4.01982 0
4.02077 1
4.02077 2
4.02077 1
4.02171 0
4.02266 1
4.02266 2
4.02266 1
4.0236 0
4.02454 1
4.02454 2
4.02454 1
4.02549 0
4.02738 1
4.02738 0
4.02738 1
4.02832 0
4.02926 1
4.02926 2
4.02926 1
4.03021 0
4.03115 1
4.03115 2
4.03115 1
4.0321 0
4.03304 1
4.03304 2
4.03304 1
4.03398 0
4.085 1
4.085 0
4.085 1
4.08594 0
4.08781 1
4.08781 0
4.08781 1
4.08876 0
4.0897 1
4.0897 2
4.0897 1
4.09065 0
4.09159 1
4.09159 2
4.09159 1
4.09253 0
4.09348 1
4.09348 2
4.09348 1
4.09442 0
4.09537 1
4.09537 2
4.09537 1
4.09631 0
4.09725 1
4.09725 2
4.09725 1
4.0982 0
4.09914 1
4.09914 2
4.09914 1
4.10009 0
4.10103 1
4.10103 2
4.10103 1
4.10197 0
4.10292 1
4.10292 2
4.10292 1
4.10386 0
4.10481 1
4.10481 2
4.10481 1
4.10575 0
4.10669 1
4.10669 2
4.10669 1
4.10764 0
4.10858 1
4.10858 2
4.10858 1
4.10953 0
4.11047 1
4.11047 2
4.11047 1
4.11141 0
4.11236 1
4.11236 2
4.11236 1
4.1133 0
4.11425 1
4.11425 2
4.11425 1
4.11519 0
4.11708 1
4.11708 0
4.11708 1
4.11802 0
4.11991 1
4.11991 0
4.11991 1
4.12085 0
4.1218 1
4.1218 2
4.1218 1
4.12274 0
4.12369 1
4.12369 2
4.12369 1
4.12463 0
4.12557 1
4.12557 2
4.12557 1
4.12652 0
4.12841 1
4.12841 0
4.12841 1
4.12935 0
4.13029 1
4.13029 2
4.13029 1
4.13124 0
4.13218 1
4.13218 2
4.13218 1
4.13313 0
4.13407 1
4.13407 2
4.13407 1
4.13501 0
4.18603 1
4.18603 0
4.18603 1
4.18603 2
4.18697 1
4.18791 0
4.18884 1
4.18884 2
4.18886 1
4.1898 0
4.19073 1
4.19073 2
4.19075 1
4.19169 0
4.19262 1
4.19262 2
4.19263 1
4.19358 0
4.19451 1
4.19451 2
4.19452 1
4.19547 0
4.1964 1
4.1964 2
4.19641 1
4.19735 0
4.19828 1
4.19828 2
4.1983 1
4.19924 0
4.20017 1
4.20017 2
4.20019 1
4.20113 0
4.20206 1
4.20206 2
4.20207 1
4.20302 0
4.20395 1
4.20395 2
4.20396 1
4.20491 0
4.20584 1
4.20584 2
4.20585 1
4.20679 0
4.20772 1
4.20772 2
4.20774 1
4.20868 0
4.20961 1
4.20961 2
4.20963 1
4.21057 0
4.2115 1
4.2115 2
4.21151 1
4.21246 0
4.21339 1
4.21339 2
4.2134 1
4.21435 0
4.21528 1
4.21528 2
4.21529 1
4.21623 0
4.21811 1
4.21811 0
4.21811 1
4.21905 0
4.22094 1
4.22094 0
4.22094 1
4.22188 0
4.22283 1
4.22283 2
4.22283 1
4.22377 0
4.22472 1
4.22472 2
4.22472 1
4.22566 0
4.2266 1
4.2266 2
4.2266 1
4.22755 0
4.22944 1
4.22944 0
4.22944 1
4.23038 0
4.23132 1
4.23132 2
4.23132 1
4.23227 0
4.23321 1
4.23321 2
4.23321 1
4.23416 0
4.2351 1
4.2351 2
4.2351 1
4.23604 0
4.28706 1
4.28706 0
4.28706 1
4.288 0
4.28894 1
4.28894 2
4.28894 1
4.28989 0
4.29083 1
4.29083 2
4.29083 1
4.29178 0
4.29272 1
4.29272 2
4.29272 1
4.29366 0
4.29461 1
4.29461 2
4.29461 1
4.29555 0
4.2965 1
4.2965 2
4.2965 1
4.29744 0
4.29838 1
4.29838 2
4.29838 1
4.29933 0
4.30027 1
4.30027 2
4.30027 1
4.30122 0
4.30216 1
4.30216 2
4.30216 1
4.3031 0
4.30405 1
4.30405 2
4.30405 1
4.30499 0
4.30594 1
4.30594 2
4.30594 1
4.30688 0
4.30782 1
4.30782 2
4.30782 1
4.30877 0
4.30971 1
4.30971 2
4.30971 1
4.31066 0
4.3116 1
4.3116 2
4.3116 1
4.31254 0
4.31349 1
4.31349 2
4.31349 1
4.31443 0
4.31538 1
4.31538 2
4.31538 1
4.31632 0
4.31726 1
4.31726 2
4.31726 1
4.31821 0
4.32008 1
4.32008 0
4.32008 1
4.32103 0
4.32292 1
4.32292 0
4.32292 1
4.32386 0
4.3248 1
4.3248 2
4.3248 1
4.32575 0
4.32669 1
4.32669 2
4.32669 1
4.32764 0
4.32858 1
4.32858 2
4.32858 1
4.32952 0
4.33141 1
4.33141 0
4.33141 1
4.33236 0
4.3333 1
4.3333 2
4.3333 1
4.33424 0
4.33519 1
4.33519 2
4.33519 1
4.33613 0
4.33708 1
4.33708 2
4.33708 1
4.33802 0
4.38903 1
4.38903 0
4.38903 1
4.38997 0
4.39092 1
4.39092 2
4.39092 1
4.39186 0
4.39281 1
4.39281 2
4.39281 1
4.39375 0
4.39469 1
4.39469 2
4.39469 3
4.39469 2
4.39564 1
4.39658 2
4.39658 3
4.39658 2
4.39753 1
4.39847 2
4.39847 3
4.39847 2
4.39941 1
4.40036 2
4.40036 3
4.40036 2
4.4013 1
4.40225 2
4.40225 3
4.40225 2
4.40319 1
4.40413 2
4.40413 3
4.40413 2
4.40508 1
4.40602 2
4.40602 3
4.40602 2
4.40697 1
4.40791 2
4.40791 3
4.40791 2
4.40885 1
4.4098 2
4.4098 3
4.4098 2
4.41074 1
4.41169 2
4.41169 3
4.41169 2
4.41263 1
4.41357 2
4.41357 3
4.41357 2
4.41452 1
4.41546 2
4.41546 3
4.41546 2
4.41641 1
4.41735 2
4.41735 3
4.41735 2
4.41829 1
4.41924 2
4.41924 3
4.41924 2
4.42018 1
4.42113 0
4.42206 1
4.42206 2
4.42207 1
4.42301 0
4.42489 1
4.42489 0
4.42489 1
4.42583 0
4.42678 1
4.42678 2
4.42678 1
4.42772 0
4.42867 1
4.42867 2
4.42867 1
4.42961 0
4.43055 1
4.43055 2
4.43055 1
4.4315 0
4.43339 1
4.43339 0
4.43339 1
4.43433 0
4.43527 1
4.43527 2
4.43527 1
4.43622 0
4.43716 1
4.43716 2
4.43716 1
4.43811 0
4.43905 1
4.43905 2
4.43905 1
4.43999 0
4.491 1
4.491 0
4.491 1
4.49195 0
4.49289 1
4.49289 2
4.49289 1
4.49384 0
4.49478 1
4.49478 2
4.49478 1
4.49572 0
4.49667 1
4.49667 2
4.49667 1
4.49761 0
4.49856 1
4.49856 2
4.49856 1
4.4995 0
4.50044 1
4.50044 2
4.50044 1
4.50139 0
4.50233 1
4.50233 2
4.50233 1
4.50328 0
4.50422 1
4.50422 2
4.50422 1
4.50516 0
4.50611 1
4.50611 2
4.50611 1
4.50705 0
4.508 1
4.508 2
4.508 1
4.50894 0
4.50988 1
4.50988 2
4.50988 1
4.51083 0
4.51177 1
4.51177 2
4.51177 1
4.51272 0
4.51366 1
4.51366 2
4.51366 1
4.5146 0
4.51555 1
4.51555 2
4.51555 1
4.51649 0
4.51744 1
4.51744 2
4.51744 1
4.51838 0
4.51932 1
4.51932 2
4.51932 1
4.52027 0
4.52121 1
4.52121 2
4.52121 1
4.52216 0
4.5231 1
4.5231 2
4.5231 1
4.52404 0
4.52592 1
4.52592 0
4.52592 1
4.52686 0
4.52781 1
4.52781 2
4.52781 1
4.52875 0
4.5297 1
4.5297 2
4.5297 1
4.53064 0
4.53158 1
4.53158 2
4.53158 1
4.53253 0
4.53442 1
4.53442 0
4.53442 1
4.53536 0
4.5363 1
4.5363 2
4.5363 1
4.53725 0
4.53819 1
4.53819 2
4.53819 1
4.53914 0
4.54008 1
4.54008 2
4.54008 1
4.54102 0
4.59204 1
4.59204 0
4.59204 1
4.59298 0
4.59392 1
4.59392 2
4.59392 1
4.59487 0
4.59581 1
4.59581 2
4.59581 1
4.59676 0
4.5977 1
4.5977 2
4.5977 1
4.59864 0
4.59959 1
4.59959 2
4.59959 1
4.60053 0
4.60148 1
4.60148 2
4.60148 1
4.60242 0
4.60336 1
4.60336 2
4.60336 1
4.60431 0
4.60525 1
4.60525 2
4.60525 3
4.60525 2
4.6062 1
4.60714 2
4.60714 3
4.60714 2
4.60808 1
4.60903 2
4.60903 3
4.60903 2
4.60997 1
4.61092 2
4.61092 3
4.61092 2
4.61186 1
4.6128 2
4.6128 3
4.6128 2
4.61375 1
4.61469 2
4.61469 3
4.61469 2
4.61564 1
4.61658 2
4.61658 3
4.61658 2
4.61752 1
4.61847 2
4.61847 3
4.61847 2
4.61941 1
4.62036 2
4.62036 3
4.62036 2
4.6213 1
4.62224 2
4.62224 3
4.62224 2
4.62319 1
4.62413 2
4.62413 3
4.62413 2
4.62508 1
4.62602 0
4.62695 1
4.62695 2
4.62696 1
4.62791 0
4.62884 1
4.62884 2
4.62885 1
4.6298 0
4.63073 1
4.63073 2
4.63074 1
4.63168 0
4.63261 1
4.63261 2
4.63263 1
4.63357 0
4.63545 1
4.63545 0
4.63545 1
4.63639 0
4.63733 1
4.63733 2
4.63733 1
4.63828 0
4.63922 1
4.63922 2
4.63922 1
4.64017 0
4.64111 1
4.64111 2
4.64111 1
4.64205 0
4.69307 1
4.69307 0
4.69307 1
4.69401 0
4.69495 1
4.69495 2
4.69495 1
4.6959 0
4.69684 1
4.69684 2
4.69684 1
4.69779 0
4.69873 1
4.69873 2
4.69873 1
4.69967 0
4.70062 1
4.70062 2
4.70062 1
4.70156 0
4.70251 1
4.70251 2
4.70251 1
4.70345 0
4.70439 1
4.70439 2
4.70439 1
4.70534 0
4.70628 1
4.70628 2
4.70628 1
4.70723 0
4.70817 1
4.70817 2
4.70817 1
4.70911 0
4.71006 1
4.71006 2
4.71006 1
4.711 0
4.71195 1
4.71195 2
4.71195 1
4.71289 0
4.71383 1
4.71383 2
4.71383 1
4.71478 0
4.71572 1
4.71572 2
4.71572 1
4.71667 0
4.71761 1
4.71761 2
4.71761 1
4.71855 0
4.7195 1
4.7195 2
4.7195 1
4.72044 0
4.72139 1
4.72139 2
4.72139 1
4.72233 0
4.72327 1
4.72327 2
4.72327 1
4.72422 0
4.72516 1
4.72516 2
4.72516 1
4.72611 0
4.72705 1
4.72705 2
4.72705 1
4.72799 0
4.72894 1
4.72894 2
4.72894 1
4.72988 0
4.73083 1
4.73083 2
4.73083 1
4.73177 0
4.73271 1
4.73271 2
4.73271 1
4.73366 0
4.7346 1
4.7346 2
4.7346 1
4.73555 0
4.73742 1
4.73742 0
4.73742 1
4.73836 0
4.73931 1
4.73931 2
4.73931 1
4.74025 0
4.7412 1
4.7412 2
4.7412 1
4.74214 0
4.74308 1
4.74308 2
4.74308 1
4.74403 0
4.79504 1
4.79504 0
4.79504 1
4.79598 0
4.79693 1
4.79693 2
4.79693 1
4.79787 0
4.79882 1
4.79882 2
4.79882 1
4.79976 0
4.8007 1
4.8007 2
4.8007 1
4.80165 0
4.80259 1
4.80259 2
4.80259 1
4.80354 0
4.80448 1
4.80448 2
4.80448 1
4.80542 0
4.80637 1
4.80637 2
4.80637 1
4.80731 0
4.80826 1
4.80826 2
4.80826 1
4.8092 0
4.81014 1
4.81014 2
4.81014 1
4.81109 0
4.81203 1
4.81203 2
4.81203 1
4.81298 0
4.81392 1
4.81392 2
4.81392 1
4.81486 0
4.81581 1
4.81581 2
4.81581 1
4.81675 0
4.8177 1
4.8177 2
4.8177 1
4.81864 0
4.81958 1
4.81958 2
4.81958 3
4.81958 2
4.82053 1
4.82147 2
4.82147 3
4.82147 2
4.82242 1
4.82336 2
4.82336 3
4.82336 2
4.8243 1
4.82525 2
4.82525 3
4.82525 2
4.82619 1
4.82714 2
4.82714 3
4.82714 2
4.82808 1
4.82902 2
4.82902 3
4.82902 2
4.82997 1
4.83091 2
4.83091 3
4.83091 2
4.83186 1
4.8328 2
4.8328 3
4.8328 2
4.83374 1
4.83469 2
4.83469 3
4.83469 2
4.83563 1
4.83658 2
4.83658 3
4.83658 2
4.83752 1
4.83846 0
4.8394 1
4.8394 2
4.83941 1
4.84035 0
4.84128 1
4.84128 2
4.8413 1
4.84224 0
4.84317 1
4.84317 2
4.84318 1
4.84413 0
4.84506 1
4.84506 2
4.84507 1
4.84602 0
4.89701 1
4.89701 0
4.89701 1
4.89796 0
4.8989 1
4.8989 2
4.8989 1
4.89985 0
4.90079 1
4.90079 2
4.90079 1
4.90173 0
4.90268 1
4.90268 2
4.90268 1
4.90362 0
4.90457 1
4.90457 2
4.90457 1
4.90551 0
4.90645 1
4.90645 2
4.90645 1
4.9074 0
4.90834 1
4.90834 2
4.90834 1
4.90929 0
4.91023 1
4.91023 2
4.91023 1
4.91117 0
4.91212 1
4.91212 2
4.91212 1
4.91306 0
4.91401 1
4.91401 2
4.91401 1
4.91495 0
4.91589 1
4.91589 2
4.91589 1
4.91684 0
4.91778 1
4.91778 2
4.91778 1
4.91873 0
4.91967 1
4.91967 2
4.91967 1
4.92061 0
4.92156 1
4.92156 2
4.92156 1
4.9225 0
4.92345 1
4.92345 2
4.92345 1
4.92439 0
4.92533 1
4.92533 2
4.92533 1
4.92628 0
4.92722 1
4.92722 2
4.92722 1
4.92817 0
4.92911 1
4.92911 2
4.92911 1
4.93005 0
4.931 1
4.931 2
4.931 1
4.93194 0
4.93289 1
4.93289 2
4.93289 1
4.93383 0
4.93477 1
4.93477 2
4.93477 1
4.93572 0
4.93666 1
4.93666 2
4.93666 1
4.93761 0
4.93855 1
4.93855 2
4.93855 1
4.93949 0
4.94044 1
4.94044 2
4.94044 1
4.94138 0
4.94233 1
4.94233 2
4.94233 1
4.94327 0
4.94421 1
4.94421 2
4.94421 1
4.94516 0
4.9461 1
4.9461 2
4.9461 1
4.94705 0
4.99804 1
4.99804 0
4.99804 1
4.99899 0
4.99993 1
4.99993 2
4.99993 1
5.00088 0
5.00182 1
5.00182 2
5.00182 1
5.00276 0
5.00371 1
5.00371 2
5.00371 1
5.00465 0
5.0056 1
5.0056 2
5.0056 1
5.00654 0
5.00748 1
5.00748 2
5.00748 1
5.00843 0
5.00937 1
5.00937 2
5.00937 1
5.01032 0
5.01126 1
5.01126 2
5.01126 1
5.0122 0
5.01315 1
5.01315 2
5.01315 1
5.01409 0
5.01504 1
5.01504 2
5.01504 1
5.01598 0
5.01692 1
5.01692 2
5.01692 1
5.01787 0
5.01881 1
5.01881 2
5.01881 1
5.01976 0
5.0207 1
5.0207 2
5.0207 1
5.02164 0
5.02259 1
5.02259 2
5.02259 1
5.02353 0
5.02448 1
5.02448 2
5.02448 1
5.02542 0
5.02636 1
5.02636 2
5.02636 1
5.02731 0
5.02825 1
5.02825 2
5.02825 1
5.0292 0
5.03014 1
5.03014 2
5.03014 1
5.03108 0
5.03203 1
5.03203 2
5.03203 1
5.03297 0
5.03392 1
5.03392 2
5.03392 3
5.03392 2
5.03486 1
5.0358 2
5.0358 3
5.0358 2
5.03675 1
5.03769 2
5.03769 3
5.03769 2
5.03864 1
5.03958 2
5.03958 3
5.03958 2
5.04052 1
5.04147 2
5.04147 3
5.04147 2
5.04241 1
5.04336 2
5.04336 3
5.04336 2
5.0443 1
5.04524 2
5.04524 3
5.04524 2
5.04619 1
5.04713 2
5.04713 3
5.04713 2
5.04808 1
5.04902 0
5.09908 1
5.09908 0
5.09908 1
5.10002 0
5.10096 1
5.10096 2
5.10096 1
5.10191 0
5.10285 1
5.10285 2
5.10285 1
5.1038 0
5.10474 1
5.10474 2
5.10474 1
5.10568 0
5.10663 1
5.10663 2
5.10663 1
5.10757 0
5.10852 1
5.10852 2
5.10852 1
5.10946 0
5.1104 1
5.1104 2
5.1104 1
5.11135 0
5.11229 1
5.11229 2
5.11229 1
5.11324 0
5.11418 1
5.11418 2
5.11418 1
5.11512 0
5.11607 1
5.11607 2
5.11607 1
5.11701 0
5.11796 1
5.11796 2
5.11796 1
5.1189 0
5.11984 1
5.11984 2
5.11984 1
5.12079 0
5.12173 1
5.12173 2
5.12173 1
5.12268 0
5.12362 1
5.12362 2
5.12362 1
5.12456 0
5.12551 1
5.12551 2
5.12551 1
5.12645 0
5.1274 1
5.1274 2
5.1274 1
5.12834 0
5.12928 1
5.12928 2
5.12928 1
5.13023 0
5.13117 1
5.13117 2
5.13117 1
5.13212 0
5.13306 1
5.13306 2
5.13306 1
5.134 0
5.13495 1
5.13495 2
5.13495 1
5.13589 0
5.13684 1
5.13684 2
5.13684 1
5.13778 0
5.13872 1
5.13872 2
5.13872 1
5.13967 0
5.14061 1
5.14061 2
5.14061 1
5.14156 0
5.1425 1
5.1425 2
5.1425 1
5.14344 0
5.14439 1
5.14439 2
5.14439 1
5.14533 0
5.14628 1
5.14628 2
5.14628 1
5.14722 0
5.14816 1
5.14816 2
5.14816 1
5.14911 0
5.15005 1
5.15005 2
5.15005 1
5.151 0
5.20105 1
5.20105 0
5.20105 1
5.20199 0
5.20294 1
5.20294 2
5.20294 1
5.20388 0
5.20483 1
5.20483 2
5.20483 1
5.20577 0
5.20671 1
5.20671 2
5.20671 1
5.20766 0
5.2086 1
5.2086 2
5.2086 1
5.20955 0
5.21049 1
5.21049 2
5.21049 1
5.21143 0
5.21238 1
5.21238 2
5.21238 1
5.21332 0
5.21427 1
5.21427 2
5.21427 1
5.21521 0
5.21615 1
5.21615 2
5.21615 1
5.2171 0
5.21804 1
5.21804 2
5.21804 1
5.21899 0
5.21993 1
5.21993 2
5.21993 1
5.22087 0
5.22182 1
5.22182 2
5.22182 1
5.22276 0
5.22371 1
5.22371 2
5.22371 1
5.22465 0
5.22559 1
5.22559 2
5.22559 1
5.22654 0
5.22748 1
5.22748 2
5.22748 1
5.22843 0
5.22937 1
5.22937 2
5.22937 1
5.23031 0
5.23126 1
5.23126 2
5.23126 1
5.2322 0
5.23315 1
5.23315 2
5.23315 1
5.23409 0
5.23503 1
5.23503 2
5.23503 1
5.23598 0
5.23692 1
5.23692 2
5.23692 1
5.23787 0
5.23881 1
5.23881 2
5.23881 1
5.23975 0
5.2407 1
5.2407 2
5.2407 1
5.24164 0
5.24259 1
5.24259 2
5.24259 1
5.24353 0
5.24447 1
5.24447 2
5.24447 3
5.24447 2
5.24542 1
5.24636 2
5.24636 3
5.24636 2
5.24731 1
5.24825 2
5.24825 3
5.24825 2
5.24919 1
5.25014 2
5.25014 3
5.25014 2
5.25108 1
5.25203 2
5.25203 3
5.25203 2
5.25297 1
5.25391 0
5.30302 1
5.30302 0
5.30302 1
5.30397 0
5.30491 1
5.30491 2
5.30491 1
5.30586 0
5.3068 1
5.3068 2
5.3068 1
5.30774 0
5.30869 1
5.30869 2
5.30869 1
5.30963 0
5.31058 1
5.31058 2
5.31058 1
5.31152 0
5.31246 1
5.31246 2
5.31246 1
5.31341 0
5.31435 1
5.31435 2
5.31435 1
5.3153 0
5.31624 1
5.31624 2
5.31624 1
5.31718 0
5.31813 1
5.31813 2
5.31813 1
5.31907 0
5.32002 1
5.32002 2
5.32002 1
5.32096 0
5.3219 1
5.3219 2
5.3219 1
5.32285 0
5.32379 1
5.32379 2
5.32379 1
5.32474 0
5.32568 1
5.32568 2
5.32568 1
5.32662 0
5.32757 1
5.32757 2
5.32757 1
5.32851 0
5.32946 1
5.32946 2
5.32946 1
5.3304 0
5.33134 1
5.33134 2
5.33134 1
5.33229 0
5.33323 1
5.33323 2
5.33323 1
5.33418 0
5.33512 1
5.33512 2
5.33512 1
5.33606 0
5.33701 1
5.33701 2
5.33701 1
5.33795 0
5.3389 1
5.3389 2
5.3389 1
5.33984 0
5.34078 1
5.34078 2
5.34078 1
5.34173 0
5.34267 1
5.34267 2
5.34267 1
5.34362 0
5.34456 1
5.34456 2
5.34456 1
5.3455 0
5.34645 1
5.34645 2
5.34645 1
5.34739 0
5.34834 1
5.34834 2
5.34834 1
5.34928 0
5.35022 1
5.35022 2
5.35022 1
5.35117 0
5.35211 1
5.35211 2
5.35211 1
5.35306 0
5.354 1
5.354 2
5.354 1
5.35494 0
5.40405 1
5.40405 0
5.40405 1
5.405 0
5.40594 1
5.40594 2
5.40594 1
5.40689 0
5.40783 1
5.40783 2
5.40783 1
5.40877 0
5.40972 1
5.40972 2
5.40972 1
5.41066 0
5.41161 1
5.41161 2
5.41161 1
5.41255 0
5.41349 1
5.41349 2
5.41349 1
5.41444 0
5.41538 1
5.41538 2
5.41538 1
5.41633 0
5.41727 1
5.41727 2
5.41727 1
5.41821 0
5.41916 1
5.41916 2
5.41916 1
5.4201 0
5.42105 1
5.42105 2
5.42105 1
5.42199 0
5.42293 1
5.42293 2
5.42293 1
5.42388 0
5.42482 1
5.42482 2
5.42482 1
5.42577 0
5.42671 1
5.42671 2
5.42671 1
5.42765 0
5.4286 1
5.4286 2
5.4286 1
5.42954 0
5.43049 1
5.43049 2
5.43049 1
5.43143 0
5.43237 1
5.43237 2
5.43237 1
5.43332 0
5.43426 1
5.43426 2
5.43426 1
5.43521 0
5.43615 1
5.43615 2
5.43615 1
5.43709 0
5.43804 1
5.43804 2
5.43804 1
5.43898 0
5.43993 1
5.43993 2
5.43993 1
5.44087 0
5.44181 1
5.44181 2
5.44181 1
5.44276 0
5.4437 1
5.4437 2
5.4437 1
5.44465 0
5.44559 1
5.44559 2
5.44559 1
5.44653 0
5.44748 1
5.44748 2
5.44748 1
5.44842 0
5.44937 1
5.44937 2
5.44937 1
5.45031 0
5.45125 1
5.45125 2
5.45125 1
5.4522 0
5.45314 1
5.45314 2
5.45314 1
5.45409 0
5.45503 1
5.45503 2
5.45503 3
5.45503 2
5.45597 1
5.45692 0
5.50508 1
5.50508 0
5.50508 1
5.50603 0
5.50697 1
5.50697 2
5.50697 1
5.50792 0
5.50886 1
5.50886 2
5.50886 1
5.5098 0
5.51075 1
5.51075 2
5.51075 1
5.51169 0
5.51264 1
5.51264 2
5.51264 1
5.51358 0
5.51452 1
5.51452 2
5.51452 1
5.51547 0
5.51641 1
5.51641 2
5.51641 1
5.51736 0
5.5183 1
5.5183 2
5.5183 1
5.51924 0
5.52019 1
5.52019 2
5.52019 1
5.52113 0
5.52208 1
5.52208 2
5.52208 1
5.52302 0
5.52396 1
5.52396 2
5.52396 1
5.52491 0
5.52585 1
5.52585 2
5.52585 1
5.5268 0
5.52774 1
5.52774 2
5.52774 1
5.52868 0
5.52963 1
5.52963 2
5.52963 1
5.53057 0
5.53152 1
5.53152 2
5.53152 1
5.53246 0
5.5334 1
5.5334 2
5.5334 1
5.53435 0
5.53529 1
5.53529 2
5.53529 1
5.53624 0
5.53718 1
5.53718 2
5.53718 1
5.53812 0
5.53907 1
5.53907 2
5.53907 1
5.54001 0
5.54096 1
5.54096 2
5.54096 1
5.5419 0
5.54284 1
5.54284 2
5.54284 1
5.54379 0
5.54473 1
5.54473 2
5.54473 1
5.54568 0
5.54662 1
5.54662 2
5.54662 1
5.54756 0
5.54851 1
5.54851 2
5.54851 1
5.54945 0
5.5504 1
5.5504 2
5.5504 1
5.55134 0
5.55228 1
5.55228 2
5.55228 1
5.55323 0
5.55417 1
5.55417 2
5.55417 1
5.55512 0
5.55606 1
5.55606 2
5.55606 1
5.557 0
5.55795 1
5.55795 2
5.55795 1
5.55889 0
5.60706 1
5.60706 0
5.60706 1
5.608 0
5.60895 1
5.60895 2
5.60895 1
5.60989 0
5.61084 1
5.61084 2
5.61084 1
5.61178 0
5.61272 1
5.61272 2
5.61272 1
5.61367 0
5.61461 1
5.61461 2
5.61461 1
5.61556 0
5.6165 1
5.6165 2
5.6165 1
5.61744 0
5.61839 1
5.61839 2
5.61839 1
5.61933 0
5.62028 1
5.62028 2
5.62028 1
5.62122 0
5.62216 1
5.62216 2
5.62216 1
5.62311 0
5.62405 1
5.62405 2
5.62405 1
5.625 0
5.62594 1
5.62594 2
5.62594 1
5.62688 0
5.62783 1
5.62783 2
5.62783 1
5.62877 0
5.62972 1
5.62972 2
5.62972 1
5.63066 0
5.6316 1
5.6316 2
5.6316 1
5.63255 0
5.63349 1
5.63349 2
5.63349 1
5.63444 0
5.63538 1
5.63538 2
5.63538 1
5.63632 0
5.63727 1
5.63727 2
5.63727 1
5.63821 0
5.63916 1
5.63916 2
5.63916 1
5.6401 0
5.64104 1
5.64104 2
5.64104 1
5.64199 0
5.64293 1
5.64293 2
5.64293 1
5.64388 0
5.64482 1
5.64482 2
5.64482 1
5.64576 0
5.64671 1
5.64671 2
5.64671 1
5.64765 0
5.6486 1
5.6486 2
5.6486 1
5.64954 0
5.65048 1
5.65048 2
5.65048 1
5.65143 0
5.65237 1
5.65237 2
5.65237 1
5.65331 0
5.65426 1
5.65426 2
5.65426 1
5.6552 0
5.65615 1
5.65615 2
5.65615 1
5.65709 0
5.65803 1
5.65803 2
5.65803 1
5.65898 0
5.65992 1
5.65992 2
5.65992 1
5.66087 0
5.70903 1
5.70903 0
5.70903 1
5.70903 2
5.70998 1
5.71092 2
5.71092 3
5.71092 2
5.71187 1
5.71281 2
5.71281 3
5.71281 2
5.71375 1
5.7147 2
5.7147 3
5.7147 2
5.71564 1
5.71659 2
5.71659 3
5.71659 2
5.71753 1
5.71847 2
5.71847 3
5.71847 2
5.71942 1
5.72036 2
5.72036 3
5.72036 2
5.72131 1
5.72225 2
5.72225 3
5.72225 2
5.72319 1
5.72414 2
5.72414 3
5.72414 2
5.72508 1
5.72603 2
5.72603 3
5.72603 2
5.72697 1
5.72791 2
5.72791 3
5.72791 2
5.72886 1
5.7298 2
5.7298 3
5.7298 2
5.73075 1
5.73169 2
5.73169 3
5.73169 2
5.73263 1
5.73358 2
5.73358 3
5.73358 2
5.73452 1
5.73547 2
5.73547 3
5.73547 2
5.73641 1
5.73735 2
5.73735 3
5.73735 2
5.7383 1
5.73924 2
5.73924 3
5.73924 2
5.74019 1
5.74113 2
5.74113 3
5.74113 2
5.74207 1
5.74302 2
5.74302 3
5.74302 2
5.74396 1
5.74491 2
5.74491 3
5.74491 2
5.74585 1
5.74679 2
5.74679 3
5.74679 2
5.74774 1
5.74868 2
5.74868 3
5.74868 2
5.74963 1
5.75057 2
5.75057 3
5.75057 2
5.75151 1
5.75246 2
5.75246 3
5.75246 2
5.7534 1
5.75435 2
5.75435 3
5.75435 2
5.75529 1
5.75623 2
5.75623 3
5.75623 2
5.75718 1
5.75812 2
5.75812 3
5.75812 2
5.75907 1
5.76001 2
5.76001 3
5.76001 2
5.76095 1
5.7619 2
5.7619 3
5.7619 2
5.76284 1
5.76379 0
5.81101 1
5.81101 0
5.81101 1
5.81195 0
5.8129 1
5.8129 2
5.8129 1
5.81384 0
5.81478 1
5.81478 2
5.81478 1
5.81573 0
5.81667 1
5.81667 2
5.81667 1
5.81762 0
5.81856 1
5.81856 2
5.81856 1
5.8195 0
5.82045 1
5.82045 2
5.82045 1
5.82139 0
5.82234 1
5.82234 2
5.82234 1
5.82328 0
5.82422 1
5.82422 2
5.82422 1
5.82517 0
5.82611 1
5.82611 2
5.82611 1
5.82706 0
5.828 1
5.828 2
5.828 1
5.82894 0
5.82989 1
5.82989 2
5.82989 1
5.83083 0
5.83178 1
5.83178 2
5.83178 1
5.83272 0
5.83366 1
5.83366 2
5.83366 1
5.83461 0
5.83555 1
5.83555 2
5.83555 1
5.8365 0
5.83744 1
5.83744 2
5.83744 1
5.83838 0
5.83933 1
5.83933 2
5.83933 1
5.84027 0
5.84122 1
5.84122 2
5.84122 1
5.84216 0
5.8431 1
5.8431 2
5.8431 1
5.84405 0
5.84499 1
5.84499 2
5.84499 1
5.84594 0
5.84688 1
5.84688 2
5.84688 1
5.84782 0
5.84877 1
5.84877 2
5.84877 1
5.84971 0
5.85066 1
5.85066 2
5.85066 1
5.8516 0
5.85254 1
5.85254 2
5.85254 1
5.85349 0
5.85443 1
5.85443 2
5.85443 1
5.85538 0
5.85632 1
5.85632 2
5.85632 1
5.85726 0
5.85821 1
5.85821 2
5.85821 1
5.85915 0
5.8601 1
5.8601 2
5.8601 1
5.86104 0
5.86198 1
5.86198 2
5.86198 1
5.86293 0
5.86387 1
5.86387 2
5.86387 1
5.86482 0
5.91204 1
5.91204 0
5.91204 1
5.91298 0
5.91393 1
5.91393 2
5.91393 1
5.91487 0
5.91581 1
5.91581 2
5.91581 1
5.91676 0
5.9177 1
5.9177 2
5.9177 1
5.91865 0
5.91959 1
5.91959 2
5.91959 1
5.92053 0
5.92148 1
5.92148 2
5.92148 3
5.92148 2
5.92242 1
5.92337 2
5.92337 3
5.92337 2
5.92431 1
5.92525 2
5.92525 3
5.92525 2
5.9262 1
5.92714 2
5.92714 3
5.92714 2
5.92809 1
5.92903 2
5.92903 3
5.92903 2
5.92997 1
5.93092 2
5.93092 3
5.93092 2
5.93186 1
5.93281 2
5.93281 3
5.93281 2
5.93375 1
5.93469 2
5.93469 3
5.93469 2
5.93564 1
5.93658 2
5.93658 3
5.93658 2
5.93753 1
5.93847 2
5.93847 3
5.93847 2
5.93941 1
5.94036 2
5.94036 3
5.94036 2
5.9413 1
5.94225 2
5.94225 3
5.94225 2
5.94319 1
5.94413 2
5.94413 3
5.94413 2
5.94508 1
5.94602 2
5.94602 3
5.94602 2
5.94697 1
5.94791 2
5.94791 3
5.94791 2
5.94885 1
5.9498 2
5.9498 3
5.9498 2
5.95074 1
5.95169 0
5.9517 1
5.95263 0
5.95264 1
5.95357 0
5.95359 1
5.95452 0
6.02913 1
6.02913 0
6.03007 1
6.03007 0
6.03102 1
6.03102 0
6.03196 1
6.03196 0
6.03291 1
6.03291 0
6.03385 1
6.03385 0
6.03479 1
6.03479 0
6.03574 1
6.03574 0
6.03668 1
6.03668 0
6.03763 1
6.03763 0
6.03857 1
6.03857 0
6.03951 1
6.03951 0
6.04046 1
6.04046 0
6.0414 1
6.0414 0
6.04235 1
6.04235 0
6.04329 1
6.04329 0
6.04423 1
6.04423 0
6.04518 1
6.04518 0
6.04612 1
6.04612 0
6.04707 1
6.04707 0
6.04801 1
6.04801 0
6.04895 1
6.04895 0
6.0499 1
6.0499 0
6.05084 1
6.05084 0
6.05179 1
6.05179 0
6.05273 1
6.05273 0
6.05367 1
6.05367 0
6.05462 1
6.05462 0
6.05555 1
6.05556 0
6.1311 1
6.1311 0
6.1311 1
6.13205 0
6.13299 1
6.13299 2
6.13299 1
6.13394 0
6.13488 1
6.13488 2
6.13488 1
6.13582 0
6.13677 1
6.13677 2
6.13677 1
6.13771 0
6.13866 1
6.13866 2
6.13866 1
6.1396 0
6.14054 1
6.14054 2
6.14054 1
6.14149 0
6.14243 1
6.14243 2
6.14243 1
6.14338 0
6.14432 1
6.14432 2
6.14432 1
6.14526 0
6.14621 1
6.14621 2
6.14621 1
6.14715 0
6.1481 1
6.1481 2
6.1481 1
6.14904 0
6.14998 1
6.14998 2
6.14998 1
6.15093 0
6.15187 1
6.15187 2
6.15187 1
6.15282 0
6.15376 1
6.15376 2
6.15376 1
6.1547 0
6.15565 1
6.15565 2
6.15565 1
6.15659 0
6.23213 1
6.23213 0
6.23213 1
6.23308 0
6.23402 1
6.23402 2
6.23402 1
6.23497 0
6.23591 1
6.23591 2
6.23591 1
6.23685 0
6.2378 1
6.2378 2
6.2378 1
6.23874 0
6.23969 1
6.23969 2
6.23969 1
6.24063 0
6.24157 1
6.24157 2
6.24157 1
6.24252 0
6.24346 1
6.24346 2
6.24346 1
6.24441 0
6.24535 1
6.24535 2
6.24535 1
6.24629 0
6.24724 1
6.24724 2
6.24724 1
6.24818 0
6.24913 1
6.24913 2
6.24913 1
6.25007 0
6.25101 1
6.25101 2
6.25101 1
6.25196 0
6.2529 1
6.2529 2
6.2529 1
6.25385 0
6.25479 1
6.25479 2
6.25479 1
6.25573 0
6.25668 1
6.25668 2
6.25668 1
6.25762 0
6.33316 1
6.33316 0
6.33316 1
6.33411 0
6.33505 1
6.33505 2
6.33505 1
6.336 0
6.33694 1
6.33694 2
6.33694 3
6.33694 2
6.33788 1
6.33883 2
6.33883 3
6.33883 2
6.33977 1
6.34072 2
6.34072 3
6.34072 2
6.34166 1
6.3426 2
6.3426 3
6.3426 2
6.34355 1
6.34449 2
6.34449 3
6.34449 2
6.34544 1
6.34638 2
6.34638 3
6.34638 2
6.34732 1
6.34827 2
6.34827 3
6.34827 2
6.34921 1
6.35016 2
6.35016 3
6.35016 2
6.3511 1
6.35204 2
6.35204 3
6.35204 2
6.35299 1
6.35393 2
6.35393 3
6.35393 2
6.35488 1
6.35582 2
6.35582 3
6.35582 2
6.35676 1
6.35771 2
6.35771 3
6.35771 2
6.35865 1
6.3596 0
6.4342 1
6.4342 0
6.4342 1
6.43514 0
6.43608 1
6.43608 2
6.43608 1
6.43703 0
6.43797 1
6.43797 2
6.43797 1
6.43892 0
6.43986 1
6.43986 2
6.43986 1
6.4408 0
6.44175 1
6.44175 2
6.44175 1
6.44269 0
6.44364 1
6.44364 2
6.44364 1
6.44458 0
6.44552 1
6.44552 2
6.44552 1
6.44647 0
6.44741 1
6.44741 2
6.44741 1
6.44835 0
6.4493 1
6.4493 2
6.4493 1
6.45024 0
6.45119 1
6.45119 2
6.45119 1
6.45213 0
6.45307 1
6.45307 2
6.45307 1
6.45402 0
6.45496 1
6.45496 2
6.45496 1
6.45591 0
6.45685 1
6.45685 2
6.45685 1
6.45779 0
6.45874 1
6.45874 2
6.45874 1
6.45968 0
6.46063 1
6.46063 2
6.46063 1
6.46157 0
6.53617 1
6.53617 0
6.53617 1
6.53711 0
6.53806 1
6.53806 2
6.53806 1
6.539 0
6.53995 1
6.53995 2
6.53995 1
6.54089 0
6.54183 1
6.54183 2
6.54183 1
6.54278 0
6.54372 1
6.54372 2
6.54372 3
6.54372 2
6.54467 1
6.54561 2
6.54561 3
6.54561 2
6.54655 1
6.5475 2
6.5475 3
6.5475 2
6.54844 1
6.54939 2
6.54939 3
6.54939 2
6.55033 1
6.55127 2
6.55127 3
6.55127 2
6.55222 1
6.55316 2
6.55316 3
6.55316 2
6.55411 1
6.55505 2
6.55505 3
6.55505 2
6.55599 1
6.55694 2
6.55694 3
6.55694 2
6.55788 1
6.55883 2
6.55883 3
6.55883 2
6.55977 1
6.56071 2
6.56071 3
6.56071 2
6.56166 1
6.5626 2
6.5626 3
6.5626 2
6.56355 1
6.56449 0
6.63814 1
6.63814 0
6.63814 1
6.63909 0
6.64003 1
6.64003 2
6.64003 1
6.64098 0
6.64192 1
6.64192 2
6.64192 1
6.64286 0
6.64381 1
6.64381 2
6.64381 1
6.64475 0
6.6457 1
6.6457 2
6.6457 1
6.64664 0
6.64758 1
6.64758 2
6.64758 1
6.64853 0
6.64947 1
6.64947 2
6.64947 1
6.65042 0
6.65136 1
6.65136 2
6.65136 1
6.6523 0
6.65325 1
6.65325 2
6.65325 1
6.65419 0
6.65514 1
6.65514 2
6.65514 1
6.65608 0
6.65702 1
6.65702 2
6.65702 1
6.65797 0
6.65891 1
6.65891 2
6.65891 1
6.65986 0
6.6608 1
6.6608 2
6.6608 1
6.66174 0
6.66269 1
6.66269 2
6.66269 1
6.66363 0
6.66458 1
6.66458 2
6.66458 1
6.66552 0
6.73917 1
6.73917 0
6.73917 1
6.74012 0
6.74106 1
6.74106 2
6.74106 1
6.74201 0
6.74295 1
6.74295 2
6.74295 1
6.74389 0
6.74484 1
6.74484 2
6.74484 1
6.74578 0
6.74673 1
6.74673 2
6.74673 1
6.74767 0
6.74861 1
6.74861 2
6.74861 1
6.74956 0
6.7505 1
6.7505 2
6.7505 1
6.75145 0
6.75239 1
6.75239 2
6.75239 3
6.75239 2
6.75333 1
6.75428 2
6.75428 3
6.75428 2
6.75522 1
6.75617 2
6.75617 3
6.75617 2
6.75711 1
6.75805 2
6.75805 3
6.75805 2
6.759 1
6.75994 2
6.75994 3
6.75994 2
6.76089 1
6.76183 2
6.76183 3
6.76183 2
6.76277 1
6.76372 2
6.76372 3
6.76372 2
6.76466 1
6.76561 2
6.76561 3
6.76561 2
6.76655 1
6.76749 0
6.8402 1
6.8402 0
6.8402 1
6.84115 0
6.84209 1
6.84209 2
6.84209 1
6.84304 0
6.84398 1
6.84398 2
6.84398 1
6.84492 0
6.84587 1
6.84587 2
6.84587 1
6.84681 0
6.84776 1
6.84776 2
6.84776 1
6.8487 0
6.84964 1
6.84964 2
6.84964 1
6.85059 0
6.85153 1
6.85153 2
6.85153 1
6.85248 0
6.85342 1
6.85342 2
6.85342 1
6.85436 0
6.85531 1
6.85531 2
6.85531 1
6.85625 0
6.8572 1
6.8572 2
6.8572 1
6.85814 0
6.85908 1
6.85908 2
6.85908 1
6.86003 0
6.86097 1
6.86097 2
6.86097 1
6.86192 0
6.86286 1
6.86286 2
6.86286 1
6.8638 0
6.86475 1
6.86475 2
6.86475 1
6.86569 0
6.86664 1
6.86664 2
6.86664 1
6.86758 0
6.86852 1
6.86852 2
6.86852 1
6.86947 0
6.94218 1
6.94218 0
6.94218 1
6.94312 0
6.94407 1
6.94407 2
6.94407 1
6.94501 0
6.94595 1
6.94595 2
6.94595 1
6.9469 0
6.94784 1
6.94784 2
6.94784 1
6.94879 0
6.94973 1
6.94973 2
6.94973 1
6.95067 0
6.95162 1
6.95162 2
6.95162 1
6.95256 0
6.95351 1
6.95351 2
6.95351 1
6.95445 0
6.95539 1
6.95539 2
6.95539 1
6.95634 0
6.95728 1
6.95728 2
6.95728 1
6.95823 0
6.95917 1
6.95917 2
6.95917 3
6.95917 2
6.96011 1
6.96106 2
6.96106 3
6.96106 2
6.962 1
6.96295 2
6.96295 3
6.96295 2
6.96389 1
6.96483 2
6.96483 3
6.96483 2
6.96578 1
6.96672 2
6.96672 3
6.96672 2
6.96767 1
6.96861 2
6.96861 3
6.96861 2
6.96955 1
6.9705 2
6.9705 3
6.9705 2
6.97144 1
6.97239 0
7.04415 1
7.04415 0
7.04415 1
7.0451 0
7.04604 1
7.04604 2
7.04604 1
7.04699 0
7.04793 1
7.04793 2
7.04793 1
7.04887 0
7.04982 1
7.04982 2
7.04982 1
7.05076 0
7.05171 1
7.05171 2
7.05171 1
7.05265 0
7.05359 1
7.05359 2
7.05359 1
7.05454 0
7.05548 1
7.05548 2
7.05548 1
7.05643 0
7.05737 1
7.05737 2
7.05737 1
7.05831 0
7.05926 1
7.05926 2
7.05926 1
7.0602 0
7.06115 1
7.06115 2
7.06115 1
7.06209 0
7.06303 1
7.06303 2
7.06303 1
7.06398 0
7.06492 1
7.06492 2
7.06492 1
7.06587 0
7.06681 1
7.06681 2
7.06681 1
7.06775 0
7.0687 1
7.0687 2
7.0687 1
7.06964 0
7.07059 1
7.07059 2
7.07059 1
7.07153 0
7.07247 1
7.07247 2
7.07247 1
7.07342 0
7.14518 1
7.14518 0
7.14518 1
7.14613 0
7.14707 1
7.14707 2
7.14707 1
7.14802 0
7.14896 1
7.14896 2
7.14896 1
7.1499 0
7.15085 1
7.15085 2
7.15085 1
7.15179 0
7.15274 1
7.15274 2
7.15274 1
7.15368 0
7.15462 1
7.15462 2
7.15462 1
7.15557 0
7.15651 1
7.15651 2
7.15651 1
7.15746 0
7.1584 1
7.1584 2
7.1584 1
7.15934 0
7.16029 1
7.16029 2
7.16029 1
7.16123 0
7.16218 1
7.16218 2
7.16218 1
7.16312 0
7.16406 1
7.16406 2
7.16406 1
7.16501 0
7.16595 1
7.16595 2
7.16595 1
7.1669 0
7.16784 1
7.16784 2
7.16784 3
7.16784 2
7.16878 1
7.16973 2
7.16973 3
7.16973 2
7.17067 1
7.17162 2
7.17162 3
7.17162 2
7.17256 1
7.1735 2
7.1735 3
7.1735 2
7.17445 1
7.17539 0
7.24621 1
7.24621 0
7.24621 1
7.24716 0
7.2481 1
7.2481 2
7.2481 1
7.24905 0
7.24999 1
7.24999 2
7.24999 1
7.25093 0
7.25188 1
7.25188 2
7.25188 1
7.25282 0
7.25377 1
7.25377 2
7.25377 1
7.25471 0
7.25565 1
7.25565 2
7.25565 1
7.2566 0
7.25754 1
7.25754 2
7.25754 1
7.25849 0
7.25943 1
7.25943 2
7.25943 1
7.26037 0
7.26132 1
7.26132 2
7.26132 1
7.26226 0
7.26321 1
7.26321 2
7.26321 1
7.26415 0
7.26509 1
7.26509 2
7.26509 1
7.26604 0
7.26698 1
7.26698 2
7.26698 1
7.26793 0
7.26887 1
7.26887 2
7.26887 1
7.26981 0
7.27076 1
7.27076 2
7.27076 1
7.2717 0
7.27265 1
7.27265 2
7.27265 1
7.27359 0
7.27453 1
7.27453 2
7.27453 1
7.27548 0
7.27642 1
7.27642 2
7.27642 1
7.27737 0
7.34819 1
7.34819 0
7.34819 1
7.34913 0
7.35008 1
7.35008 2
7.35008 1
7.35102 0
7.35196 1
7.35196 2
7.35196 1
7.35291 0
7.35385 1
7.35385 2
7.35385 1
7.3548 0
7.35574 1
7.35574 2
7.35574 1
7.35668 0
7.35763 1
7.35763 2
7.35763 1
7.35857 0
7.35952 1
7.35952 2
7.35952 1
7.36046 0
7.3614 1
7.3614 2
7.3614 1
7.36235 0
7.36329 1
7.36329 2
7.36329 1
7.36424 0
7.36518 1
7.36518 2
7.36518 1
7.36612 0
7.36707 1
7.36707 2
7.36707 1
7.36801 0
7.36896 1
7.36896 2
7.36896 1
7.3699 0
7.37084 1
7.37084 2
7.37084 1
7.37179 0
7.37273 1
7.37273 2
7.37273 1
7.37368 0
7.37462 1
7.37462 2
7.37462 3
7.37462 2
7.37556 1
7.37651 2
7.37651 3
7.37651 2
7.37745 1
7.3784 2
7.3784 3
7.3784 2
7.37934 1
7.38028 0
7.45016 1
7.45016 0
7.45016 1
7.45111 0
7.45205 1
7.45205 2
7.45205 1
7.45299 0
7.45394 1
7.45394 2
7.45394 1
7.45488 0
7.45583 1
7.45583 2
7.45583 1
7.45677 0
7.45771 1
7.45771 2
7.45771 1
7.45866 0
7.4596 1
7.4596 2
7.4596 1
7.46055 0
7.46149 1
7.46149 2
7.46149 1
7.46243 0
7.46338 1
7.46338 2
7.46338 1
7.46432 0
7.46527 1
7.46527 2
7.46527 1
7.46621 0
7.46715 1
7.46715 2
7.46715 1
7.4681 0
7.46904 1
7.46904 2
7.46904 1
7.46999 0
7.47093 1
7.47093 2
7.47093 1
7.47187 0
7.47282 1
7.47282 2
7.47282 1
7.47376 0
7.47471 1
7.47471 2
7.47471 1
7.47565 0
7.47659 1
7.47659 2
7.47659 1
7.47754 0
7.47848 1
7.47848 2
7.47848 1
7.47943 0
7.48037 1
7.48037 2
7.48037 1
7.48131 0
7.55119 1
7.55119 0
7.55119 1
7.55214 0
7.55308 1
7.55308 2
7.55308 1
7.55403 0
7.55497 1
7.55497 2
7.55497 1
7.55591 0
7.55686 1
7.55686 2
7.55686 1
7.5578 0
7.55875 1
7.55875 2
7.55875 1
7.55969 0
7.56063 1
7.56063 2
7.56063 1
7.56158 0
7.56252 1
7.56252 2
7.56252 1
7.56347 0
7.56441 1
7.56441 2
7.56441 1
7.56535 0
7.5663 1
7.5663 2
7.5663 1
7.56724 0
7.56819 1
7.56819 2
7.56819 1
7.56913 0
7.57007 1
7.57007 2
7.57007 1
7.57102 0
7.57196 1
7.57196 2
7.57196 1
7.57291 0
7.57385 1
7.57385 2
7.57385 1
7.57479 0
7.57574 1
7.57574 2
7.57574 1
7.57668 0
7.57763 1
7.57763 2
7.57763 1
7.57857 0
7.57951 1
7.57951 2
7.57951 1
7.58046 0
7.5814 1
7.5814 2
7.5814 1
7.58235 0
7.65222 1
7.65222 0
7.65222 1
7.65222 2
7.65317 1
7.65411 2
7.65411 3
7.65411 2
7.65506 1
7.656 2
7.656 3
7.656 2
7.65694 1
7.65789 2
7.65789 3
7.65789 2
7.65883 1
7.65978 2
7.65978 3
7.65978 2
7.66072 1
7.66166 2
7.66166 3
7.66166 2
7.66261 1
7.66355 2
7.66355 3
7.66355 2
7.6645 1
7.66544 2
7.66544 3
7.66544 2
7.66638 1
7.66733 2
7.66733 3
7.66733 2
7.66827 1
7.66922 2
7.66922 3
7.66922 2
7.67016 1
7.6711 2
7.6711 3
7.6711 2
7.67205 1
7.67299 2
7.67299 3
7.67299 2
7.67394 1
7.67488 2
7.67488 3
7.67488 2
7.67582 1
7.67677 2
7.67677 3
7.67677 2
7.67771 1
7.67866 2
7.67866 3
7.67866 2
7.6796 1
7.68054 2
7.68054 3
7.68054 2
7.68149 1
7.68243 2
7.68243 3
7.68243 2
7.68338 1
7.68432 0
7.75325 1
7.75325 0
7.75325 1
7.7542 0
7.75514 1
7.75514 2
7.75514 1
7.75609 0
7.75703 1
7.75703 2
7.75703 1
7.75797 0
7.75892 1
7.75892 2
7.75892 1
7.75986 0
7.76081 1
7.76081 2
7.76081 1
7.76175 0
7.76269 1
7.76269 2
7.76269 1
7.76364 0
7.76458 1
7.76458 2
7.76458 1
7.76553 0
7.76647 1
7.76647 2
7.76647 1
7.76741 0
7.76836 1
7.76836 2
7.76836 1
7.7693 0
7.77025 1
7.77025 2
7.77025 1
7.77119 0
7.77213 1
7.77213 2
7.77213 1
7.77308 0
7.77402 1
7.77402 2
7.77402 1
7.77497 0
7.77591 1
7.77591 2
7.77591 1
7.77685 0
7.7778 1
7.7778 2
7.7778 1
7.77874 0
7.77969 1
7.77969 2
7.77969 1
7.78063 0
7.78157 1
7.78157 2
7.78157 1
7.78252 0
7.78346 1
7.78346 2
7.78346 1
7.78441 0
7.78535 1
7.78535 2
7.78535 1
7.78629 0
7.85523 1
7.85523 0
7.85523 1
7.85617 0
7.85712 1
7.85712 2
7.85712 1
7.85806 0
7.859 1
7.859 2
7.859 1
7.85995 0
7.86089 1
7.86089 2
7.86089 3
7.86089 2
7.86184 1
7.86278 2
7.86278 3
7.86278 2
7.86372 1
7.86467 2
7.86467 3
7.86467 2
7.86561 1
7.86656 2
7.86656 3
7.86656 2
7.8675 1
7.86844 2
7.86844 3
7.86844 2
7.86939 1
7.87033 2
7.87033 3
7.87033 2
7.87128 1
7.87222 2
7.87222 3
7.87222 2
7.87316 1
7.87411 2
7.87411 3
7.87411 2
7.87505 1
7.876 2
7.876 3
7.876 2
7.87694 1
7.87788 2
7.87788 3
7.87788 2
7.87883 1
7.87977 2
7.87977 3
7.87977 2
7.88072 1
7.88166 2
7.88166 3
7.88166 2
7.8826 1
7.88355 2
7.88355 3
7.88355 2
7.88449 1
7.88544 2
7.88544 3
7.88544 2
7.88638 1
7.88732 2
7.88732 3
7.88732 2
7.88827 1
7.88921 0
7.9572 1
7.9572 0
7.9572 1
7.95815 0
7.95909 1
7.95909 2
7.95909 1
7.96003 0
7.96098 1
7.96098 2
7.96098 1
7.96192 0
7.96287 1
7.96287 2
7.96287 1
7.96381 0
7.96475 1
7.96475 2
7.96475 1
7.9657 0
7.96664 1
7.96664 2
7.96664 1
7.96759 0
7.96853 1
7.96853 2
7.96853 1
7.96947 0
7.97042 1
7.97042 2
7.97042 1
7.97136 0
7.97231 1
7.97231 2
7.97231 1
7.97325 0
7.97419 1
7.97419 2
7.97419 1
7.97514 0
7.97608 1
7.97608 2
7.97608 1
7.97703 0
7.97797 1
7.97797 2
7.97797 1
7.97891 0
7.97986 1
7.97986 2
7.97986 1
7.9808 0
7.98175 1
7.98175 2
7.98175 1
7.98269 0
7.98363 1
7.98363 2
7.98363 1
7.98458 0
7.98552 1
7.98552 2
7.98552 1
7.98647 0
7.98741 1
7.98741 2
7.98741 1
7.98835 0
7.9893 1
7.9893 2
7.9893 1
7.99024 0
8.05823 1
8.05823 0
8.05823 1
8.05918 0
8.06012 1
8.06012 2
8.06012 1
8.06107 0
8.06201 1
8.06201 2
8.06201 1
8.06295 0
8.0639 1
8.0639 2
8.0639 1
8.06484 0
8.06579 1
8.06579 2
8.06579 1
8.06673 0
8.06767 1
8.06767 2
8.06767 3
8.06767 2
8.06862 1
8.06956 2
8.06956 3
8.06956 2
8.07051 1
8.07145 2
8.07145 3
8.07145 2
8.07239 1
8.07334 2
8.07334 3
8.07334 2
8.07428 1
8.07523 2
8.07523 3
8.07523 2
8.07617 1
8.07711 2
8.07711 3
8.07711 2
8.07806 1
8.079 2
8.079 3
8.079 2
8.07995 1
8.08089 2
8.08089 3
8.08089 2
8.08183 1
8.08278 2
8.08278 3
8.08278 2
8.08372 1
8.08467 2
8.08467 3
8.08467 2
8.08561 1
8.08655 2
8.08655 3
8.08655 2
8.0875 1
8.08844 2
8.08844 3
8.08844 2
8.08939 1
8.09033 2
8.09033 3
8.09033 2
8.09127 1
8.09222 0
8.15926 1
8.15926 0
8.15926 1
8.16021 0
8.16115 1
8.16115 2
8.16115 1
8.1621 0
8.16304 1
8.16304 2
8.16304 1
8.16398 0
8.16493 1
8.16493 2
8.16493 1
8.16587 0
8.16682 1
8.16682 2
8.16682 1
8.16776 0
8.1687 1
8.1687 2
8.1687 1
8.16965 0
8.17059 1
8.17059 2
8.17059 1
8.17154 0
8.17248 1
8.17248 2
8.17248 1
8.17342 0
8.17437 1
8.17437 2
8.17437 1
8.17531 0
8.17626 1
8.17626 2
8.17626 1
8.1772 0
8.17814 1
8.17814 2
8.17814 1
8.17909 0
8.18003 1
8.18003 2
8.18003 1
8.18098 0
8.18192 1
8.18192 2
8.18192 1
8.18286 0
8.18381 1
8.18381 2
8.18381 1
8.18475 0
8.1857 1
8.1857 2
8.1857 1
8.18664 0
8.18758 1
8.18758 2
8.18758 1
8.18853 0
8.18947 1
8.18947 2
8.18947 1
8.19042 0
8.19136 1
8.19136 2
8.19136 1
8.1923 0
8.19325 1
8.19325 2
8.19325 1
8.19419 0
8.26124 1
8.26124 0
8.26124 1
8.26218 0
8.26313 1
8.26313 2
8.26313 1
8.26407 0
8.26501 1
8.26501 2
8.26501 1
8.26596 0
8.2669 1
8.2669 2
8.2669 1
8.26785 0
8.26879 1
8.26879 2
8.26879 1
8.26973 0
8.27068 1
8.27068 2
8.27068 1
8.27162 0
8.27257 1
8.27257 2
8.27257 1
8.27351 0
8.27445 1
8.27445 2
8.27445 1
8.2754 0
8.27634 1
8.27634 2
8.27634 1
8.27729 0
8.27823 1
8.27823 2
8.27823 3
8.27823 2
8.27917 1
8.28012 2
8.28012 3
8.28012 2
8.28106 1
8.28201 2
8.28201 3
8.28201 2
8.28295 1
8.28389 2
8.28389 3
8.28389 2
8.28484 1
8.28578 2
8.28578 3
8.28578 2
8.28673 1
8.28767 2
8.28767 3
8.28767 2
8.28861 1
8.28956 2
8.28956 3
8.28956 2
8.2905 1
8.29145 2
8.29145 3
8.29145 2
8.29239 1
8.29333 2
8.29333 3
8.29333 2
8.29428 1
8.29522 2
8.29522 3
8.29522 2
8.29617 1
8.29711 0
8.36321 1
8.36321 0
8.36321 1
8.36416 0
8.3651 1
8.3651 2
8.3651 1
8.36604 0
8.36699 1
8.36699 2
8.36699 1
8.36793 0
8.36888 1
8.36888 2
8.36888 1
8.36982 0
8.37076 1
8.37076 2
8.37076 1
8.37171 0
8.37265 1
8.37265 2
8.37265 1
8.3736 0
8.37454 1
8.37454 2
8.37454 1
8.37548 0
8.37643 1
8.37643 2
8.37643 1
8.37737 0
8.37832 1
8.37832 2
8.37832 1
8.37926 0
8.3802 1
8.3802 2
8.3802 1
8.38115 0
8.38209 1
8.38209 2
8.38209 1
8.38304 0
8.38398 1
8.38398 2
8.38398 1
8.38492 0
8.38587 1
8.38587 2
8.38587 1
8.38681 0
8.38776 1
8.38776 2
8.38776 1
8.3887 0
8.38964 1
8.38964 2
8.38964 1
8.39059 0
8.39153 1
8.39153 2
8.39153 1
8.39248 0
8.39342 1
8.39342 2
8.39342 1
8.39436 0
8.39531 1
8.39531 2
8.39531 1
8.39625 0
8.3972 1
8.3972 2
8.3972 1
8.39814 0
8.46424 1
8.46424 0
8.46424 1
8.46519 0
8.46613 1
8.46613 2
8.46613 1
8.46707 0
8.46802 1
8.46802 2
8.46802 1
8.46896 0
8.46991 1
8.46991 2
8.46991 1
8.47085 0
8.47179 1
8.47179 2
8.47179 1
8.47274 0
8.47368 1
8.47368 2
8.47368 1
8.47463 0
8.47557 1
8.47557 2
8.47557 1
8.47651 0
8.47746 1
8.47746 2
8.47746 1
8.4784 0
8.47935 1
8.47935 2
8.47935 1
8.48029 0
8.48123 1
8.48123 2
8.48123 1
8.48218 0
8.48312 1
8.48312 2
8.48312 1
8.48407 0
8.48501 1
8.48501 2
8.48501 1
8.48595 0
8.4869 1
8.4869 2
8.4869 3
8.4869 2
8.48784 1
8.48879 2
8.48879 3
8.48879 2
8.48973 1
8.49067 2
8.49067 3
8.49067 2
8.49162 1
8.49256 2
8.49256 3
8.49256 2
8.49351 1
8.49445 2
8.49445 3
8.49445 2
8.49539 1
8.49634 2
8.49634 3
8.49634 2
8.49728 1
8.49823 2
8.49823 3
8.49823 2
8.49917 1
8.50011 0
8.56527 1
8.56527 0
8.56527 1
8.56622 0
8.56716 1
8.56716 2
8.56716 1
8.56811 0
8.56905 1
8.56905 2
8.56905 1
8.56999 0
8.57094 1
8.57094 2
8.57094 1
8.57188 0
8.57283 1
8.57283 2
8.57283 1
8.57377 0
8.57471 1
8.57471 2
8.57471 1
8.57566 0
8.5766 1
8.5766 2
8.5766 1
8.57755 0
8.57849 1
8.57849 2
8.57849 1
8.57943 0
8.58038 1
8.58038 2
8.58038 1
8.58132 0
8.58227 1
8.58227 2
8.58227 1
8.58321 0
8.58415 1
8.58415 2
8.58415 1
8.5851 0
8.58604 1
8.58604 2
8.58604 1
8.58699 0
8.58793 1
8.58793 2
8.58793 1
8.58887 0
8.58982 1
8.58982 2
8.58982 1
8.59076 0
8.59171 1
8.59171 2
8.59171 1
8.59265 0
8.59359 1
8.59359 2
8.59359 1
8.59454 0
8.59548 1
8.59548 2
8.59548 1
8.59643 0
8.59737 1
8.59737 2
8.59737 1
8.59831 0
8.59926 1
8.59926 2
8.59926 1
8.6002 0
8.60115 1
8.60115 2
8.60115 1
8.60209 0
8.66725 1
8.66725 0
8.66725 1
8.66819 0
8.66914 1
8.66914 2
8.66914 1
8.67008 0
8.67102 1
8.67102 2
8.67102 1
8.67197 0
8.67291 1
8.67291 2
8.67291 1
8.67386 0
8.6748 1
8.6748 2
8.6748 1
8.67574 0
8.67669 1
8.67669 2
8.67669 1
8.67763 0
8.67858 1
8.67858 2
8.67858 1
8.67952 0
8.68046 1
8.68046 2
8.68046 1
8.68141 0
8.68235 1
8.68235 2
8.68235 1
8.6833 0
8.68424 1
8.68424 2
8.68424 1
8.68518 0
8.68613 1
8.68613 2
8.68613 1
8.68707 0
8.68802 1
8.68802 2
8.68802 1
8.68896 0
8.6899 1
8.6899 2
8.6899 1
8.69085 0
8.69179 1
8.69179 2
8.69179 1
8.69274 0
8.69368 1
8.69368 2
8.69368 3
8.69368 2
8.69462 1
8.69557 2
8.69557 3
8.69557 2
8.69651 1
8.69746 2
8.69746 3
8.69746 2
8.6984 1
8.69934 2
8.69934 3
8.69934 2
8.70029 1
8.70123 2
8.70123 3
8.70123 2
8.70218 1
8.70312 2
8.70312 3
8.70312 2
8.70406 1
8.70501 0
8.76922 1
8.76922 0
8.76922 1
8.77017 0
8.77111 1
8.77111 2
8.77111 1
8.77205 0
8.773 1
8.773 2
8.773 1
8.77394 0
8.77489 1
8.77489 2
8.77489 1
8.77583 0
8.77677 1
8.77677 2
8.77677 1
8.77772 0
8.77866 1
8.77866 2
8.77866 1
8.77961 0
8.78055 1
8.78055 2
8.78055 1
8.78149 0
8.78244 1
8.78244 2
8.78244 1
8.78338 0
8.78433 1
8.78433 2
8.78433 1
8.78527 0
8.78621 1
8.78621 2
8.78621 1
8.78716 0
8.7881 1
8.7881 2
8.7881 1
8.78905 0
8.78999 1
8.78999 2
8.78999 1
8.79093 0
8.79188 1
8.79188 2
8.79188 1
8.79282 0
8.79377 1
8.79377 2
8.79377 1
8.79471 0
8.79565 1
8.79565 2
8.79565 1
8.7966 0
8.79754 1
8.79754 2
8.79754 1
8.79849 0
8.79943 1
8.79943 2
8.79943 1
8.80037 0
8.80132 1
8.80132 2
8.80132 1
8.80226 0
8.80321 1
8.80321 2
8.80321 1
8.80415 0
8.80509 1
8.80509 2
8.80509 1
8.80604 0
8.87025 1
8.87025 0
8.87025 1
8.8712 0
8.87214 1
8.87214 2
8.87214 1
8.87308 0
8.87403 1
8.87403 2
8.87403 1
8.87497 0
8.87592 1
8.87592 2
8.87592 1
8.87686 0
8.8778 1
8.8778 2
8.8778 1
8.87875 0
8.87969 1
8.87969 2
8.87969 1
8.88064 0
8.88158 1
8.88158 2
8.88158 1
8.88252 0
8.88347 1
8.88347 2
8.88347 1
8.88441 0
8.88536 1
8.88536 2
8.88536 1
8.8863 0
8.88724 1
8.88724 2
8.88724 1
8.88819 0
8.88913 1
8.88913 2
8.88913 1
8.89008 0
8.89102 1
8.89102 2
8.89102 1
8.89196 0
8.89291 1
8.89291 2
8.89291 1
8.89385 0
8.8948 1
8.8948 2
8.8948 1
8.89574 0
8.89668 1
8.89668 2
8.89668 1
8.89763 0
8.89857 1
8.89857 2
8.89857 1
8.89952 0
8.90046 1
8.90046 2
8.90046 1
8.9014 0
8.90235 1
8.90235 2
8.90235 1
8.90329 0
8.90424 1
8.90424 2
8.90424 3
8.90424 2
8.90518 1
8.90612 2
8.90612 3
8.90612 2
8.90707 1
8.90801 0
8.97128 1
8.97128 0
8.97128 1
8.97223 0
8.97317 1
8.97317 2
8.97317 1
8.97411 0
8.97506 1
8.97506 2
8.97506 1
8.976 0
8.97695 1
8.97695 2
8.97695 1
8.97789 0
8.97883 1
8.97883 2
8.97883 1
8.97978 0
8.98072 1
8.98072 2
8.98072 1
8.98167 0
8.98261 1
8.98261 2
8.98261 1
8.98355 0
8.9845 1
8.9845 2
8.9845 1
8.98544 0
8.98639 1
8.98639 2
8.98639 1
8.98733 0
8.98827 1
8.98827 2
8.98827 1
8.98922 0
8.99016 1
8.99016 2
8.99016 1
8.99111 0
8.99205 1
8.99205 2
8.99205 1
8.99299 0
8.99394 1
8.99394 2
8.99394 1
8.99488 0
8.99583 1
8.99583 2
8.99583 1
8.99677 0
8.99771 1
8.99771 2
8.99771 1
8.99866 0
8.9996 1
8.9996 2
8.9996 1
9.00055 0
9.00149 1
9.00149 2
9.00149 1
9.00243 0
9.00338 1
9.00338 2
9.00338 1
9.00432 0
9.00527 1
9.00527 2
9.00527 1
9.00621 0
9.00715 1
9.00715 2
9.00715 1
9.0081 0
9.00904 1
9.00904 2
9.00904 1
9.00999 0
9.07326 1
9.07326 0
9.07326 1
9.0742 0
9.07515 1
9.07515 2
9.07515 1
9.07609 0
9.07703 1
9.07703 2
9.07703 1
9.07798 0
9.07892 1
9.07892 2
9.07892 1
9.07987 0
9.08081 1
9.08081 2
9.08081 1
9.08175 0
9.0827 1
9.0827 2
9.0827 1
9.08364 0
9.08459 1
9.08459 2
9.08459 1
9.08553 0
9.08647 1
9.08647 2
9.08647 1
9.08742 0
9.08836 1
9.08836 2
9.08836 1
9.08931 0
9.09025 1
9.09025 2
9.09025 1
9.09119 0
9.09214 1
9.09214 2
9.09214 1
9.09308 0
9.09403 1
9.09403 2
9.09403 1
9.09497 0
9.09591 1
9.09591 2
9.09591 1
9.09686 0
9.0978 1
9.0978 2
9.0978 1
9.09875 0
9.09969 1
9.09969 2
9.09969 1
9.10063 0
9.10158 1
9.10158 2
9.10158 1
9.10252 0
9.10347 1
9.10347 2
9.10347 1
9.10441 0
9.10535 1
9.10535 2
9.10535 1
9.1063 0
9.10724 1
9.10724 2
9.10724 1
9.10819 0
9.10913 1
9.10913 2
9.10913 1
9.11007 0
9.11102 1
9.11102 2
9.11102 1
9.11196 0
9.17523 1
9.17523 0
9.17523 1
9.17618 0
9.17712 1
9.17712 2
9.17712 3
9.17712 2
9.17806 1
9.17901 2
9.17901 3
9.17901 2
9.17995 1
9.1809 2
9.1809 3
9.1809 2
9.18184 1
9.18278 2
9.18278 3
9.18278 2
9.18373 1
9.18467 2
9.18467 3
9.18467 2
9.18562 1
9.18656 2
9.18656 3
9.18656 2
9.1875 1
9.18845 2
9.18845 3
9.18845 2
9.18939 1
9.19034 2
9.19034 3
9.19034 2
9.19128 1
9.19222 2
9.19222 3
9.19222 2
9.19317 1
9.19411 2
9.19411 3
9.19411 2
9.19506 1
9.196 2
9.196 3
9.196 2
9.19694 1
9.19789 2
9.19789 3
9.19789 2
9.19883 1
9.19978 2
9.19978 3
9.19978 2
9.20072 1
9.20166 2
9.20166 3
9.20166 2
9.20261 1
9.20355 2
9.20355 3
9.20355 2
9.2045 1
9.20544 2
9.20544 3
9.20544 2
9.20638 1
9.20733 2
9.20733 3
9.20733 2
9.20827 1
9.20922 2
9.20922 3
9.20922 2
9.21016 1
9.2111 2
9.2111 3
9.2111 2
9.21205 1
9.21299 2
9.21299 3
9.21299 2
9.21394 1
9.21488 0
9.27721 1
9.27721 0
9.27721 1
9.27815 0
9.27909 1
9.27909 2
9.27909 1
9.28004 0
9.28098 1
9.28098 2
9.28098 1
9.28193 0
9.28287 1
9.28287 2
9.28287 1
9.28381 0
9.28476 1
9.28476 2
9.28476 1
9.2857 0
9.28665 1
9.28665 2
9.28665 1
9.28759 0
9.28853 1
9.28853 2
9.28853 1
9.28948 0
9.29042 1
9.29042 2
9.29042 1
9.29137 0
9.29231 1
9.29231 2
9.29231 1
9.29325 0
9.2942 1
9.2942 2
9.2942 1
9.29514 0
9.29609 1
9.29609 2
9.29609 1
9.29703 0
9.29797 1
9.29797 2
9.29797 1
9.29892 0
9.29986 1
9.29986 2
9.29986 1
9.30081 0
9.30175 1
9.30175 2
9.30175 1
9.30269 0
9.30364 1
9.30364 2
9.30364 1
9.30458 0
9.30553 1
9.30553 2
9.30553 1
9.30647 0
9.30741 1
9.30741 2
9.30741 1
9.30836 0
9.3093 1
9.3093 2
9.3093 1
9.31025 0
9.31119 1
9.31119 2
9.31119 1
9.31213 0
9.31308 1
9.31308 2
9.31308 1
9.31402 0
9.31497 1
9.31497 2
9.31497 1
9.31591 0
9.37824 1
9.37824 0
9.37824 1
9.37918 0
9.38012 1
9.38012 2
9.38012 1
9.38107 0
9.38201 1
9.38201 2
9.38201 1
9.38296 0
9.3839 1
9.3839 2
9.3839 3
9.3839 2
9.38484 1
9.38579 2
9.38579 3
9.38579 2
9.38673 1
9.38768 2
9.38768 3
9.38768 2
9.38862 1
9.38956 2
9.38956 3
9.38956 2
9.39051 1
9.39145 2
9.39145 3
9.39145 2
9.3924 1
9.39334 2
9.39334 3
9.39334 2
9.39428 1
9.39523 2
9.39523 3
9.39523 2
9.39617 1
9.39712 2
9.39712 3
9.39712 2
9.39806 1
9.399 2
9.399 3
9.399 2
9.39995 1
9.40089 2
9.40089 3
9.40089 2
9.40184 1
9.40278 2
9.40278 3
9.40278 2
9.40372 1
9.40467 2
9.40467 3
9.40467 2
9.40561 1
9.40656 2
9.40656 3
9.40656 2
9.4075 1
9.40844 2
9.40844 3
9.40844 2
9.40939 1
9.41033 2
9.41033 3
9.41033 2
9.41128 1
9.41222 2
9.41222 3
9.41222 2
9.41316 1
9.41411 2
9.41411 3
9.41411 2
9.41505 1
9.416 2
9.416 3
9.416 2
9.41694 1
9.41788 0
9.47927 1
9.47927 0
9.47927 1
9.48021 0
9.48115 1
9.48115 2
9.48115 1
9.4821 0
9.48304 1
9.48304 2
9.48304 1
9.48399 0
9.48493 1
9.48493 2
9.48493 1
9.48587 0
9.48682 1
9.48682 2
9.48682 1
9.48776 0
9.48871 1
9.48871 2
9.48871 1
9.48965 0
9.49059 1
9.49059 2
9.49059 1
9.49154 0
9.49248 1
9.49248 2
9.49248 1
9.49343 0
9.49437 1
9.49437 2
9.49437 1
9.49531 0
9.49626 1
9.49626 2
9.49626 1
9.4972 0
9.49815 1
9.49815 2
9.49815 1
9.49909 0
9.50003 1
9.50003 2
9.50003 1
9.50098 0
9.50192 1
9.50192 2
9.50192 1
9.50287 0
9.50381 1
9.50381 2
9.50381 1
9.50475 0
9.5057 1
9.5057 2
9.5057 1
9.50664 0
9.50759 1
9.50759 2
9.50759 1
9.50853 0
9.50947 1
9.50947 2
9.50947 1
9.51042 0
9.51136 1
9.51136 2
9.51136 1
9.51231 0
9.51325 1
9.51325 2
9.51325 1
9.51419 0
9.51514 1
9.51514 2
9.51514 1
9.51608 0
9.51703 1
9.51703 2
9.51703 1
9.51797 0
9.51891 1
9.51891 2
9.51891 1
9.51986 0
9.58124 1
9.58124 0
9.58124 1
9.58219 0
9.58313 1
9.58313 2
9.58313 1
9.58407 0
9.58502 1
9.58502 2
9.58502 1
9.58596 0
9.58691 1
9.58691 2
9.58691 1
9.58785 0
9.58879 1
9.58879 2
9.58879 1
9.58974 0
9.59068 1
9.59068 2
9.59068 1
9.59163 0
9.59257 1
9.59257 2
9.59257 3
9.59257 2
9.59351 1
9.59446 2
9.59446 3
9.59446 2
9.5954 1
9.59635 2
9.59635 3
9.59635 2
9.59729 1
9.59823 2
9.59823 3
9.59823 2
9.59918 1
9.60012 2
9.60012 3
9.60012 2
9.60107 1
9.60201 2
9.60201 3
9.60201 2
9.60295 1
9.6039 2
9.6039 3
9.6039 2
9.60484 1
9.60579 2
9.60579 3
9.60579 2
9.60673 1
9.60767 2
9.60767 3
9.60767 2
9.60862 1
9.60956 2
9.60956 3
9.60956 2
9.61051 1
9.61145 2
9.61145 3
9.61145 2
9.61239 1
9.61334 2
9.61334 3
9.61334 2
9.61428 1
9.61523 2
9.61523 3
9.61523 2
9.61617 1
9.61711 2
9.61711 3
9.61711 2
9.61806 1
9.619 2
9.619 3
9.619 2
9.61995 1
9.62089 2
9.62089 3
9.62089 2
9.62183 1
9.62278 0
9.68322 1
9.68322 0
9.68322 1
9.68416 0
9.6851 1
9.6851 2
9.6851 1
9.68605 0
9.68699 1
9.68699 2
9.68699 1
9.68794 0
9.68888 1
9.68888 2
9.68888 1
9.68982 0
9.69077 1
9.69077 2
9.69077 1
9.69171 0
9.69266 1
9.69266 2
9.69266 1
9.6936 0
9.69454 1
9.69454 2
9.69454 1
9.69549 0
9.69643 1
9.69643 2
9.69643 1
9.69738 0
9.69832 1
9.69832 2
9.69832 1
9.69926 0
9.70021 1
9.70021 2
9.70021 1
9.70115 0
9.7021 1
9.7021 2
9.7021 1
9.70304 0
9.70398 1
9.70398 2
9.70398 1
9.70493 0
9.70587 1
9.70587 2
9.70587 1
9.70682 0
9.70776 1
9.70776 2
9.70776 1
9.7087 0
9.70965 1
9.70965 2
9.70965 1
9.71059 0
9.71154 1
9.71154 2
9.71154 1
9.71248 0
9.71342 1
9.71342 2
9.71342 1
9.71437 0
9.71531 1
9.71531 2
9.71531 1
9.71626 0
9.7172 1
9.7172 2
9.7172 1
9.71814 0
9.71909 1
9.71909 2
9.71909 1
9.72003 0
9.72098 1
9.72098 2
9.72098 1
9.72192 0
9.72286 1
9.72286 2
9.72286 1
9.72381 0
9.78425 1
9.78425 0
9.78425 1
9.78519 0
9.78613 1
9.78613 2
9.78613 1
9.78708 0
9.78802 1
9.78802 2
9.78802 1
9.78897 0
9.78991 1
9.78991 2
9.78991 1
9.79085 0
9.7918 1
9.7918 2
9.7918 1
9.79274 0
9.79369 1
9.79369 2
9.79369 1
9.79463 0
9.79557 1
9.79557 2
9.79557 1
9.79652 0
9.79746 1
9.79746 2
9.79746 1
9.79841 0
9.79935 1
9.79935 2
9.79935 1
9.80029 0
9.80124 1
9.80124 2
9.80124 1
9.80218 0
9.80313 1
9.80313 2
9.80313 1
9.80407 0
9.80501 1
9.80501 2
9.80501 3
9.80501 2
9.80596 1
9.8069 2
9.8069 3
9.8069 2
9.80785 1
9.80879 2
9.80879 3
9.80879 2
9.80973 1
9.81068 2
9.81068 3
9.81068 2
9.81162 1
9.81257 2
9.81257 3
9.81257 2
9.81351 1
9.81445 2
9.81445 3
9.81445 2
9.8154 1
9.81634 2
9.81634 3
9.81634 2
9.81729 1
9.81823 2
9.81823 3
9.81823 2
9.81917 1
9.82012 2
9.82012 3
9.82012 2
9.82106 1
9.82201 2
9.82201 3
9.82201 2
9.82295 1
9.82389 2
9.82389 3
9.82389 2
9.82484 1
9.82578 0
9.88528 1
9.88528 0
9.88528 1
9.88622 0
9.88716 1
9.88716 2
9.88716 1
9.88811 0
9.88905 1
9.88905 2
9.88905 1
9.89 0
9.89094 1
9.89094 2
9.89094 1
9.89188 0
9.89283 1
9.89283 2
9.89283 1
9.89377 0
9.89472 1
9.89472 2
9.89472 1
9.89566 0
9.8966 1
9.8966 2
9.8966 1
9.89755 0
9.89849 1
9.89849 2
9.89849 1
9.89944 0
9.90038 1
9.90038 2
9.90038 1
9.90132 0
9.90227 1
9.90227 2
9.90227 1
9.90321 0
9.90416 1
9.90416 2
9.90416 1
9.9051 0
9.90604 1
9.90604 2
9.90604 1
9.90699 0
9.90793 1
9.90793 2
9.90793 1
9.90888 0
9.90982 1
9.90982 2
9.90982 1
9.91076 0
9.91171 1
9.91171 2
9.91171 1
9.91265 0
9.9136 1
9.9136 2
9.9136 1
9.91454 0
9.91548 1
9.91548 2
9.91548 1
9.91643 0
9.91737 1
9.91737 2
9.91737 1
9.91832 0
9.91926 1
9.91926 2
9.91926 1
9.9202 0
9.92115 1
9.92115 2
9.92115 1
9.92209 0
9.92304 1
9.92304 2
9.92304 1
9.92398 0
9.92492 1
9.92492 2
9.92492 1
9.92587 0
9.92681 1
9.92681 2
9.92681 1
9.92776 0
9.98725 1
9.98725 0
9.98725 1
9.98819 0
9.98914 1
9.98914 2
9.98914 1
9.99008 0
9.99103 1
9.99103 2
9.99103 1
9.99197 0
9.99291 1
9.99291 2
9.99291 1
9.99386 0
9.9948 1
9.9948 2
9.9948 1
9.99575 0
9.99669 1
9.99669 2
9.99669 1
9.99763 0
9.99858 1
9.99858 2
9.99858 1
9.99952 0
